                                                                        年月日 Z1は油壺のコード
                                                                        ↓↓↓
 91103111112108102 96 93 94 99109119129134131121103 80 57 39 28 28 37 5315 1 1Z1 244112131413499999999999999 717 922033 2799999999999999
 74 95111120121116107 99 93 93 99109121132138134121 99 72 46 26 17 19 3215 1 2Z1 34112214 913899999999999999 832 922119 1699999999999999
 54 79103120129128120109 98 91 92 99112126138142135117 91 61 34 15  8 1515 1 3Z1 425130145514299999999999999 928 912159  899999999999999
 34 61 89114130136131119105 93 88 90101116132143144133110 80 48 21  6  415 1 4Z1 5 11361536145999999999999991011 872235  399999999999999
 18 42 72102125138138129114 98 87 84 91105123138146143126 99 67 35 12  215 1 5Z1 5341391613147999999999999991048 8423 9  199999999999999
  7 26 55 87115134141136123105 90 81 83 94111129143147138116 86 53 24  615 1 6Z1 6 41411648147999999999999991121 812341  399999999999999
  4 16 40 71102126139140130113 95 82 78 84 99117134144142128103 72 41 1815 1 7Z1 6321411722145999999999999991153 78999999999999999999999
  7 12 30 58 89116134140134120102 85 76 77 87104122136141134116 89 60 3415 1 8Z1 659140175614199999999999999 012  71225 7599999999999999
 17 14 25 48 76104126137137126109 91 78 73 78 91108123133133122102 77 5215 1 9Z1 726138183113599999999999999 043 141259 7399999999999999
 32 23 26 42 66 93116132136130116 99 83 73 72 80 93108120126123110 90 6815 110Z1 75413619 812699999999999999 113 221336 7299999999999999
 49 36 33 42 60 83106124133132122107 90 77 71 72 80 93105114116111 99 8215 111Z1 823134195011699999999999999 143 331419 7199999999999999
 65 51 45 47 58 76 96115127131126114 99 85 74 69 71 78 88 98104106101 9215 112Z1 855131204310699999999999999 215 441512 6999999999999999
 79 68 59 57 62 73 89105119127127120108 94 81 71 66 67 72 80 88 94 97 9515 113Z1 93112822 5 9799999999999999 251 571622 6699999999999999
 90 83 75 71 70 75 84 97110120125123116105 91 78 67 60 59 62 69 78 86 9215 114Z11017125999999999999999999999 338 701746 5999999999999999
 95 94 91 86 82 81 84 91101111119123122115103 89 73 60 50 47 50 58 69 8115 115Z1 020 95111612499999999999999 449 8119 3 4799999999999999
 92100103102 98 93 89 89 94102111120125124117104 86 66 49 37 32 36 47 6315 116Z1 212103122512599999999999999 628 8920 2 3299999999999999
 82 98110115114107 99 93 90 93101112123129129120103 81 56 35 21 17 24 4015 117Z1 315115132913099999999999999 757 902052 1799999999999999
 63 87108122127123113101 92 88 91101115129137136123101 73 44 20  5  4 1615 118Z1 4 1127142413799999999999999 9 2 882137  399999999999999
 38 67 96120134136128114 98 87 83 89103121137145141125 97 64 31  5 -7 -415 119Z1 441137151414599999999999999 952 832219 -899999999999999
 13 42 76108132143141128109 91 80 78 88106127145151144123 91 54 19 -5-1415 120Z1 52014416 1151999999999999991036 7723 1-1499999999999999
 -5 18 52 88120141148140122100 81 72 74 89110134150154143118 83 44 12 -915 121Z1 5561481647155999999999999991118 712342-1399999999999999
-12  2 30 66102131147147134112 89 71 65 72 90114137152152138110 74 38  915 122Z1 6321491734154999999999999991159 65999999999999999999999
 -5 -3 16 46 82115138148142124100 77 62 60 70 91115136147145129101 67 3615 123Z1 7 6148182014899999999999999 021 -61241 5999999999999999
 14  6 14 35 66 98125142144133112 88 67 56 57 69 90112130138134117 92 6415 124Z1 74014519 913899999999999999 059  61325 5599999999999999
 39 25 23 35 57 85112132140137122100 78 60 52 55 68 86105120125120106 8615 125Z1 81214120 112599999999999999 136 221413 5299999999999999
 64 48 41 44 57 77100120133136128112 91 71 57 51 54 64 79 95106110107 9715 126Z1 84513621 211099999999999999 211 4015 9 5099999999999999
 83 70 61 59 64 77 93110124131130120105 86 69 56 50 51 58 70 82 92 97 9715 127Z1 9201312231 9899999999999999 246 581619 4999999999999999
 93 86 79 75 76 81 91103114123127124115101 85 68 55 47 46 50 59 70 80 8815 128Z110 4127999999999999999999999 325 751745 4699999999999999
 93 95 94 91 89 89 92 98105113119122121114102 86 69 54 43 38 40 48 60 7315 129Z1 058 9511 912299999999999999 428 891910 3899999999999999
 86 96102103102 99 96 96 98103110116120121116104 87 67 49 35 29 31 40 5515 130Z1 257103123512199999999999999 640 962017 2999999999999999
 73 90103111113109103 97 94 94 99106115122124119106 85 62 41 26 20 23 3715 131Z1 348113134912499999999999999 827 9321 7 1999999999999999
 56 78 99113120119112102 93 88 88 95106118127129122105 80 54 31 16 12 2115 2 1Z1 421121144513099999999999999 925 872147 1299999999999999
 39 64 90111124127121109 95 84 80 83 94109124133133122100 71 43 20  8 1015 2 2Z1 44912715291359999999999999910 5 802223  799999999999999
 24 49 77104123131129117101 85 75 74 82 97116132139134117 90 59 31 11  515 2 3Z1 51513116 8139999999999999991037 732255  599999999999999
 13 34 63 93118132134125108 89 74 67 71 85104124138141130108 78 46 21  715 2 4Z1 53913416431419999999999999911 7 672325  599999999999999
  8 24 50 81109129136131115 95 76 63 62 72 91112131141138122 96 64 35 1515 2 5Z1 6 31361717141999999999999991136 612354  999999999999999
  9 18 40 69 99123136135122102 81 64 57 62 77 98119134139130110 82 52 2815 2 6Z1 62613717511399999999999999912 6 57999999999999999999999
 16 18 34 60 89115132137128110 88 68 55 54 64 83104123133132119 97 70 4415 2 7Z1 649137182513499999999999999 022 151236 5399999999999999
 27 23 32 53 80106127136132117 96 75 58 51 55 69 88107122128122106 84 6115 2 8Z1 71313619 012899999999999999 049 2313 8 5199999999999999
 42 33 36 50 72 97119132133123105 84 64 52 50 58 72 90107117118110 95 7615 2 9Z1 737134193811999999999999999 117 321343 5099999999999999
 58 46 44 51 68 89110125131127113 94 74 58 50 51 60 74 89102109108100 8715 210Z1 8 3131202410999999999999999 144 431424 4999999999999999
 73 61 55 58 68 84101117126127118103 85 68 55 50 51 59 71 84 94 99 99 9415 211Z1 832128212710099999999999999 214 551516 4999999999999999
 85 76 70 68 72 81 94108119123120111 97 80 65 54 48 49 54 64 74 84 91 9315 212Z1 9 81232316 9499999999999999 250 681627 4899999999999999
 93 89 85 81 81 84 90100109116119116107 95 80 65 53 45 42 45 53 63 75 8515 213Z1 958119999999999999999999999 343 811758 4299999999999999
 93 98 98 96 93 91 91 94 99106113116115109 98 83 66 50 38 31 32 40 53 6915 214Z1 144 99111911699999999999999 533 901923 3199999999999999
 85 99107110108102 96 92 91 95102110117120115104 86 65 44 27 18 19 29 4615 215Z1 3 0110125512099999999999999 736 912027 1799999999999999
 68 91109120122116106 94 86 84 89 99111123128125111 89 62 35 15  5  7 2215 216Z1 34412214 812899999999999999 850 842119  499999999999999
 45 74101121131130119103 87 76 75 82 98116131138133116 88 56 26  4 -5  115 217Z1 42113215 713899999999999999 941 7422 5 -599999999999999
 22 52 85114133139132114 93 74 64 65 78 99123141147139117 85 49 17 -3 -815 218Z1 4551391559147999999999999991023 632247 -999999999999999
  4 30 64 99127142142127104 79 59 52 58 77103129148152141115 79 43 12 -415 219Z1 52814416471539999999999999911 3 522327 -699999999999999
 -3 15 45 81115138146138117 89 63 45 42 54 78107134150151136108 73 38 1315 220Z1 6 01461734153999999999999991142 41999999999999999999999
  4 11 33 65100128144144129103 73 48 35 37 53 80109134146144127 99 67 3815 221Z1 630146182114799999999999999 0 4  31222 3499999999999999
 21 18 31 55 86116137144136115 87 58 37 29 36 55 81108129137132115 90 6415 222Z1 65914419 813899999999999999 040 1713 2 2999999999999999
 43 34 38 54 78104127139139125101 74 49 32 29 38 57 81104119124119104 8415 223Z1 727141195712499999999999999 113 331346 2999999999999999
 65 53 51 59 75 96117131136129113 90 65 45 33 32 42 58 78 95107110106 9515 224Z1 755136205311099999999999999 143 501434 3199999999999999
 82 71 66 68 77 92108121129128119103 82 62 46 37 37 44 57 72 85 94 98 9615 225Z1 8251302210 9899999999999999 213 661532 3699999999999999
 91 85 80 79 83 91101111119122119110 97 81 64 51 43 40 44 53 64 75 84 9015 226Z1 9 0122999999999999999999999 243 791650 4099999999999999
 93 93 92 90 90 93 97102108112114112106 96 83 69 56 46 41 41 47 56 67 7915 227Z1 034 93 95711499999999999999 329 901825 4099999999999999
 88 96100100 99 97 96 96 97101104108109107100 88 74 58 45 37 35 40 50 6415 228Z1 248100115510999999999999999 629 961946 3599999999999999
 79 93103108108104 98 92 89 89 92 99106111112106 93 75 56 40 30 28 35 4915 3 1Z1 327109133611299999999999999 829 882043 2899999999999999
 67 86103113116112103 92 83 79 80 87 98109117118110 94 73 50 32 23 24 3515 3 2Z1 354116143811999999999999999 918 782126 2299999999999999
 53 76 98114122120110 96 82 71 69 74 86102117125124112 91 66 41 24 17 2315 3 3Z1 418122152312699999999999999 951 6922 1 1799999999999999
 40 64 90111124126118102 84 68 60 62 73 91110126132126109 84 56 32 18 1715 3 4Z1 44112716 2132999999999999991020 592233 1699999999999999
 30 52 80106124131125110 89 69 55 51 59 77 99120134136124102 73 45 24 1615 3 5Z1 5 31311638137999999999999991048 5123 2 1699999999999999
 23 42 69 98121133131118 97 73 53 44 47 62 85109129138134117 91 61 36 2215 3 6Z1 5241341711139999999999999991115 442331 2099999999999999
 21 35 60 89115132135125105 80 56 41 38 48 69 94118134138128106 79 51 3215 3 7Z1 5461361745138999999999999991143 372358 2599999999999999
 25 33 53 80107128137131114 89 63 42 33 37 54 78103124135132117 94 68 4615 3 8Z1 6 71371819135999999999999991211 33999999999999999999999
 34 35 49 72 99122135135122 99 72 48 33 31 41 61 86109125130123106 83 6115 3 9Z1 630137185413099999999999999 025 321241 3099999999999999
 46 41 49 67 91114130135127108 83 58 39 30 33 47 69 92111122122112 96 7615 310Z1 653135193212399999999999999 052 411313 2999999999999999
 60 51 53 65 84105123132129116 94 70 48 34 31 38 53 73 93108115113103 8915 311Z1 718132201611599999999999999 120 511349 3099999999999999
 75 64 62 67 80 97114125128120104 83 62 44 34 34 42 56 73 89101106104 9715 312Z1 745128211410699999999999999 150 621434 3399999999999999
 88 79 73 74 80 92105116122120111 96 77 59 45 37 37 43 54 68 82 92 98 9915 313Z1 818122224710099999999999999 225 731534 3699999999999999
 97 92 87 84 85 89 97106113116113105 93 77 62 49 40 37 40 48 59 72 84 9415 314Z1 9 5116999999999999999999999 320 8417 1 3799999999999999
100102101 97 94 92 92 95100106109109105 96 83 68 53 41 33 32 38 49 64 8015 315Z1 1 3102103211099999999999999 519 911839 3299999999999999
 95106111111106 98 92 87 88 92 98106111111105 93 75 56 39 27 23 28 41 6015 316Z1 225111123511299999999999999 729 871957 2399999999999999
 82102116121119109 96 84 76 75 82 93106117122117103 81 57 34 19 14 21 3815 317Z1 31012214 112299999999999999 838 752055 1499999999999999
 63 90113127130122106 87 70 61 62 73 91111127134128110 84 55 29 13  9 2015 318Z1 34613015 413499999999999999 924 602143  999999999999999
 43 73102125137134119 96 71 52 45 50 68 93118137144136114 84 51 25 10 1115 319Z1 41813715571449999999999999910 5 452226  999999999999999
 28 55 88117137142132109 80 52 34 31 43 67 97126145149138113 80 48 24 1515 320Z1 4491421646150999999999999991044 3023 6 1599999999999999
 21 42 73105131144141123 94 61 34 20 22 40 70103131148149134108 76 47 2915 321Z1 5191451733151999999999999991122 192342 2599999999999999
 25 38 62 92121141146134109 76 44 20 11 20 43 74107133145143126100 72 4915 322Z1 54814618201469999999999999912 0 11999999999999999999999
 38 41 58 83110133144141122 93 60 31 13 10 23 48 79108129137132116 93 7115 323Z1 61614519 613899999999999999 017 381239  999999999999999
 56 52 60 78101123138141131108 79 48 24 12 15 30 54 82106122126120106 8815 324Z1 643142195412699999999999999 049 511320 1299999999999999
 73 65 67 77 94113129136132118 95 68 43 25 18 24 39 60 82101112114109 9815 325Z1 711136204611599999999999999 119 6414 3 1899999999999999
 87 78 76 80 91104118127128121106 85 63 44 31 28 33 46 63 80 9410210510215 326Z1 740129215310599999999999999 150 751453 2799999999999999
 96 89 85 85 90 98107115119117110 97 81 64 49 40 37 40 50 62 76 87 95 9915 327Z1 8141192338 9999999999999999 227 851557 3799999999999999
 99 97 94 92 92 94 98103107109107102 94 82 69 57 48 43 44 50 59 71 82 9215 328Z1 9 4109999999999999999999999 332 921722 4399999999999999
 98102102100 97 94 92 92 94 97 99101100 96 88 77 64 53 46 44 47 56 68 8115 329Z1 136103111310199999999999999 630 921852 4499999999999999
 94103108108104 97 90 85 82 83 87 94100103102 95 83 68 54 44 41 44 55 6915 330Z1 230109131710399999999999999 813 8220 0 4199999999999999
 86101111115112103 92 81 73 70 74 82 94104111110101 86 68 51 40 37 43 5715 331Z1 3 3115142511199999999999999 856 702049 3799999999999999
 76 95111120120111 97 81 67 59 60 68 83 99113120117104 85 64 46 35 36 4615 4 1Z1 330121151312099999999999999 927 592129 3499999999999999
 65 87108122126120105 85 66 52 48 54 68 89109123127120103 80 57 40 33 3915 4 2Z1 354126155312899999999999999 956 4822 3 3399999999999999
 55 78102121130128114 92 69 49 38 40 53 74 99120132132119 98 73 50 37 3615 4 3Z1 4171311629134999999999999991023 382234 3599999999999999
 48 69 94117132134123102 75 51 34 29 38 58 84110130137132114 90 65 46 3815 4 4Z1 43913417 4137999999999999991050 2923 4 3899999999999999
 44 61 86111130137131112 85 57 34 22 25 41 67 96121136138127106 81 58 4515 4 5Z1 5 11371739139999999999999991118 222333 4399999999999999
 44 56 78104126138137122 96 67 39 21 17 27 50 78106128138134119 97 73 5615 4 6Z1 5251391814138999999999999991147 17999999999999999999999
 49 55 72 95119135139130108 79 49 26 15 18 34 60 88114130135127110 88 6915 4 7Z1 549139185013599999999999999 0 2 491217 1499999999999999
 58 58 69 88110128138134118 92 63 36 19 14 23 43 69 96117128128118101 8415 4 8Z1 614138193013099999999999999 031 561250 1499999999999999
 70 64 69 83101120132134124104 78 51 29 18 19 31 51 76 98115122120110 9715 4 9Z1 641135201612399999999999999 1 2 641326 1799999999999999
 83 75 74 81 94110123130126113 92 68 45 29 22 25 38 57 78 9711011511410615 410Z1 711130211411699999999999999 136 7314 9 2299999999999999
 96 87 82 83 90100112120123117104 85 64 46 33 28 31 42 58 75 9110311011015 411Z1 748123223511199999999999999 220 8215 6 2899999999999999
106100 93 89 89 93100108113114109 99 84 68 52 40 34 35 42 55 70 85 9810715 412Z1 840114999999999999999999999 329 891624 3499999999999999
111110105 99 93 90 90 93 99104107106100 90 76 62 48 39 36 40 50 65 81 9715 413Z1 017111101710799999999999999 530 901758 3699999999999999
110116117111102 92 84 80 81 87 95103108107101 88 72 55 41 35 36 46 62 8215 414Z1 133117122710899999999999999 715 801920 3499999999999999
101117124123114 99 83 70 64 66 75 89104115119113 99 80 59 42 33 34 45 6515 415Z1 221125135611999999999999999 816 642024 3299999999999999
 88110126132126111 89 68 52 46 52 67 88109125131125108 85 61 42 32 35 5015 416Z1 3 013215 013199999999999999 9 2 462116 3299999999999999
 73100123136137125102 74 49 33 30 41 63 90117135141133113 87 61 42 35 4215 417Z1 334138155514199999999999999 943 2922 0 3599999999999999
 61 87114135143137117 87 55 29 16 18 35 63 96125143146135113 86 61 45 4315 418Z1 4 61431644147999999999999991022 142241 4299999999999999
 54 76103128144146132105 70 37 13  4 12 35 68102131146147133110 84 63 5215 419Z1 43614717321489999999999999911 1  42319 5199999999999999
 54 69 93118139148142121 89 53 22  3  0 14 41 75108133145142127105 82 6615 420Z1 5 71481818145999999999999991140 -12354 6199999999999999
 61 68 85108130144146133107 74 40 13  0  3 21 50 82112132139134119 99 8115 421Z1 53714719 3139999999999999991218 -1999999999999999999999
 71 71 82 99119136143138120 93 61 31 11  4 12 32 59 89113127131124111 9515 422Z1 6 7143194913199999999999999 029 701257  499999999999999
 83 78 82 93109125135136127107 81 53 29 15 14 24 44 68 9211112112211610515 423Z1 637137203712399999999999999 1 3 781338 1399999999999999
 93 86 84 90100113124129126114 96 73 51 33 24 26 36 54 74 9310811511511015 424Z1 710129213111699999999999999 140 841422 2499999999999999
102 94 89 90 94102111117119114104 88 71 54 41 35 37 47 61 77 9310411011115 425Z1 747119223911199999999999999 227 891514 3599999999999999
107102 96 92 92 94 99104107108104 97 86 73 60 51 46 47 53 65 78 9110210815 426Z1 840108999999999999999999999 342 921620 4599999999999999
110108104 98 93 89 89 90 93 96 99 99 95 89 79 69 59 53 52 57 66 79 9110315 427Z1 0 01101029 9999999999999999 550 891740 5299999999999999
110113111106 98 89 82 79 79 82 88 94 98 99 95 87 76 65 57 54 58 67 80 9415 428Z1 1 81131242 9999999999999999 728 781856 5499999999999999
107115118114105 93 80 71 66 67 74 84 95103107104 94 81 68 58 54 59 69 8515 429Z1 15511814 210799999999999999 818 661957 5499999999999999
101114122122114100 83 67 57 53 58 70 85101112116111 99 83 67 57 54 61 7515 430Z1 229123145611699999999999999 854 532046 5499999999999999
 93111123128123109 89 68 51 42 43 53 71 92111122124116100 81 65 56 56 6715 5 1Z1 259128154012599999999999999 925 412126 5599999999999999
 84104122132131119 99 74 51 35 30 37 55 78103122132129117 98 77 62 56 6115 5 2Z1 326133161813299999999999999 955 3022 2 5699999999999999
 76 97118133137129110 84 56 33 21 23 37 61 89115132138131114 93 73 61 6015 5 3Z1 3521371655138999999999999991024 202236 5999999999999999
 70 89111130140138122 96 66 38 18 12 21 42 71101126139140128109 87 70 6215 5 4Z1 4181411732141999999999999991054 1223 9 6299999999999999
 67 82103124139143132110 79 48 22  8 10 25 52 83112133142137123102 83 7015 5 5Z1 44514318 9142999999999999991125  72341 6799999999999999
 67 77 95116134143140122 95 63 33 12  5 13 34 63 94120136140132116 97 8015 5 6Z1 5141441848140999999999999991158  5999999999999999999999
 72 75 88106126139142132110 80 49 23  8  7 20 44 73101124135136126110 9315 5 7Z1 544143193013799999999999999 015 721234  699999999999999
 81 78 84 97115130139136121 97 68 40 19 10 14 29 53 8010512313213012010615 5 8Z1 616139201813299999999999999 051 771313 1099999999999999
 92 84 84 91104118130133127111 87 61 38 22 17 23 38 60 8410612112712511615 5 9Z1 653133211312799999999999999 133 831358 1799999999999999
104 94 88 88 95105116124125117102 82 61 42 29 26 32 46 65 8610411712312215 510Z1 738125221812399999999999999 226 871452 2699999999999999
115105 96 90 89 93100108114116110 99 83 66 50 40 36 40 51 67 8610311512215 511Z1 841116232912299999999999999 342 891559 3699999999999999
122116106 96 88 84 85 90 97104108107101 90 76 62 50 45 46 55 69 8610311615 512Z11021108999999999999999999999 520 841719 4499999999999999
124124118106 93 81 73 71 76 85 95104109108100 88 73 60 52 51 57 71 8810615 513Z1 034125122010999999999999999 646 711839 5099999999999999
121129128119103 85 68 57 55 61 73 89105115118112100 83 68 57 55 61 75 9415 514Z1 126130135011899999999999999 748 541947 5499999999999999
113128135131117 96 72 51 39 38 47 66 88109124129123109 90 73 61 59 66 8215 515Z1 2 9135145712999999999999999 837 372044 5999999999999999
103123137140131111 84 56 33 22 24 39 63 91116133138131114 94 76 65 64 7415 516Z1 248141155313899999999999999 921 212134 6399999999999999
 92114133144143128101 69 39 16  8 15 36 65 97124140143134116 95 78 69 7115 517Z1 32414516441449999999999999910 3  82218 6999999999999999
 84104125142149141120 89 54 23  4  1 13 39 72105131144144133114 94 79 7415 518Z1 3581491731146999999999999991043  02259 7499999999999999
 80 95115135148148135109 75 40 12 -2  0 18 47 81112135145142128110 92 8015 519Z1 4331501815145999999999999991122 -32337 7899999999999999
 79 88105125141149143125 96 62 30  7 -1  6 28 58 91118136142136122104 9015 520Z1 5 714918571429999999999999912 0 -1999999999999999999999
 83 85 97113131143145134113 83 51 24  8  6 18 41 70 99122135137128114 9915 521Z1 541145193813799999999999999 014 821238  599999999999999
 88 85 91103118132139136123101 73 45 24 14 17 32 55 8210612413213012110815 522Z1 616139201913299999999999999 051 851317 1399999999999999
 96 88 88 95106119128132126111 90 66 44 29 24 30 46 67 9111012312712411515 523Z1 65213221 112799999999999999 132 871356 2499999999999999
103 94 89 90 96105115121121115101 83 64 48 38 36 44 59 78 9711212112311915 524Z1 734122214712499999999999999 220 881439 3699999999999999
111101 93 89 89 94100107111111105 95 81 67 55 48 48 55 69 8510111312012115 525Z1 827112223912199999999999999 323 881529 4799999999999999
117109 99 91 86 85 87 92 98102103100 93 84 73 64 58 58 64 76 8910311412015 526Z1 949103233712199999999999999 450 851630 5799999999999999
121116108 98 88 81 77 78 82 88 94 98100 97 90 81 73 67 66 70 80 9310611615 527Z11149100999999999999999999999 621 771741 6599999999999999
122122117107 94 81 71 66 66 72 80 91 99104104 99 90 80 73 70 74 84 9611015 528Z1 032123132810599999999999999 726 651852 7099999999999999
120126125116103 86 70 58 53 55 64 77 92105112113107 96 84 76 73 77 8810215 529Z1 119126143411399999999999999 812 531954 7399999999999999
116127130126113 95 74 56 43 40 46 61 80 99114122121113100 86 77 75 81 9315 530Z1 159130152412399999999999999 850 402045 7599999999999999
109124134134125107 83 59 39 29 30 42 62 87109125132128116100 85 77 77 8615 531Z1 23413516 613299999999999999 924 282129 7699999999999999
101119133140136120 96 68 42 23 17 24 43 69 97121135138131115 98 84 77 8115 6 1Z1 3 7140164613999999999999999 958 1722 9 7799999999999999
 93111129142144133111 82 51 25 11 10 24 49 79109131143142130112 94 82 7915 6 2Z1 3401441724144999999999999991032  92247 7999999999999999
 86102121139147144127 99 67 35 13  3  9 28 58 90119139146141127108 91 8115 6 3Z1 41314818 41469999999999999911 7  32325 8099999999999999
 82 93111131145149139117 86 53 23  5  1 13 37 68101127143146138121103 8815 6 4Z1 4481491845146999999999999991144  1999999999999999999999
 82 87100119137147146132106 74 42 17  3  5 21 47 79109132144143132115 9815 6 5Z1 525148192714599999999999999 0 4 821223  299999999999999
 87 84 91106123138145140123 96 66 37 16  8 14 32 58 8811513414113812611015 6 6Z1 6 5145201114299999999999999 046 8413 5  899999999999999
 95 86 86 94108124135139131114 89 61 37 21 17 25 44 69 9611813313813312115 6 7Z1 650139205813899999999999999 132 851349 1799999999999999
106 92 85 86 93106119128130122107 85 62 43 31 30 39 56 7810112013213412815 6 8Z1 742130214713599999999999999 226 851438 2999999999999999
116102 90 83 82 88 98110118120115103 86 68 53 44 44 52 67 8610612113113215 6 9Z1 849120223913299999999999999 334 821534 4399999999999999
126113 99 86 77 75 79 87 98107112111104 92 78 66 58 57 63 76 9210912313115 610Z11020112233413299999999999999 453 751639 5799999999999999
131124111 95 80 68 63 65 74 85 98107111109101 90 79 71 68 73 83 9711312615 611Z11210111999999999999999999999 612 631753 6899999999999999
133133124109 89 70 56 49 51 60 75 91106115117112102 90 81 77 80 8910211715 612Z1 028134134711799999999999999 718 4919 7 7799999999999999
130137135124105 81 59 42 34 37 49 68 90109122126122111 99 88 83 85 9410715 613Z1 119137145912699999999999999 814 342015 8299999999999999
123136141137122 99 71 45 27 20 26 43 67 93115130134129117103 91 86 88 9815 614Z1 2 6141155713599999999999999 9 3 202112 8599999999999999
113130142145137118 90 59 32 15 10 20 42 70 99123138141133119103 92 87 9115 615Z1 250146164514199999999999999 947 1022 2 8799999999999999
103120137147147135111 79 47 20  6  6 21 47 78109132143143133117101 90 8815 616Z1 3311491728145999999999999991029  42245 8799999999999999
 95109127143150146129101 68 36 12  2  8 28 57 90118138146141128111 96 8815 617Z1 41015018 71469999999999999911 8  22324 8799999999999999
 89 99115133146150141120 90 57 27  9  5 16 40 70102127142144136121104 9115 618Z1 4481501843145999999999999991145  4999999999999999999999
 86 91103121137147146132109 78 47 23 10 13 29 55 85113133142140129113 9715 619Z1 526148191714399999999999999 0 1 861221 1099999999999999
 87 86 94108124137143138122 97 68 42 23 17 25 44 71 9812213614013312010415 620Z1 6 3143195014099999999999999 037 851256 1799999999999999
 91 84 86 96110124134136128110 87 62 41 29 28 40 61 8611012813613512611215 621Z1 641136202213799999999999999 115 841331 2799999999999999
 97 87 83 87 97110121128126117100 80 60 44 38 42 56 76 9811813013413011915 622Z1 722128205613499999999999999 157 8314 7 3899999999999999
105 92 84 82 86 95106115119116107 93 77 62 52 50 56 70 8810712213013112415 623Z1 810119213313299999999999999 247 821445 5099999999999999
113100 89 81 80 83 90 99106109108101 91 79 69 63 63 70 82 9811312412912815 624Z1 913110221613099999999999999 350 801530 6299999999999999
120109 97 85 78 75 77 82 90 97102103100 94 86 78 74 74 80 9110411612512815 625Z1104610323 612899999999999999 5 5 751627 7399999999999999
126118107 93 81 71 67 67 73 81 90 98103104101 95 88 83 83 87 9610711812615 626Z11242104999999999999999999999 621 661738 8299999999999999
129126117104 88 73 61 55 56 63 74 87 99108112110104 96 90 88 91 9911012115 627Z1 0 112914 911299999999999999 723 551855 8899999999999999
129131127116 99 80 62 49 43 45 55 71 89105117122119112102 94 90 9310211315 628Z1 05513115 812299999999999999 812 4220 4 9099999999999999
125134135129114 92 69 48 34 30 36 51 73 95115128131127116104 94 91 9410415 629Z1 144136155413199999999999999 855 3021 0 9199999999999999
118132140140129109 83 56 33 20 19 31 52 78105126138139131117103 92 90 9615 630Z1 228141163614099999999999999 935 182148 8999999999999999
109125140147143127101 71 41 19  9 13 30 57 88116137146143131114 99 89 8915 7 1Z1 3101471715146999999999999991014  82231 8899999999999999
 98115133147152143122 92 58 28  8  2 12 34 66 99127145151144128109 93 8615 7 2Z1 3521521754151999999999999991053  22312 8599999999999999
 89102121140153153141115 82 47 19  2  1 16 43 77110136150151140121102 8715 7 3Z1 4341551833152999999999999991133  02354 8399999999999999
 83 90106126145155152135107 73 40 14  3  7 26 56 90121143152148133113 9415 7 4Z1 5181551911152999999999999991214  2999999999999999999999
 82 81 91108129145152146127 99 66 37 16 10 19 40 7010212914615014212510415 7 5Z1 6 3152194915099999999999999 036 801255 1099999999999999
 87 78 79 91108127141146138119 92 63 39 25 23 35 57 8511313414514513411615 7 6Z1 652146202714799999999999999 121 771336 2299999999999999
 96 81 74 77 88105122133136128111 89 65 47 38 40 53 74 9812113714313912615 7 7Z1 74613621 514399999999999999 212 741419 3799999999999999
108 89 76 70 73 83 98112122125119106 89 72 59 54 58 70 8810912613714013315 7 8Z1 849125214614099999999999999 310 7015 4 5499999999999999
120102 84 71 65 66 75 87100110115113105 94 82 74 71 75 8510011512913613615 7 9Z11011115223313799999999999999 418 641555 7199999999999999
129116 98 81 66 58 58 64 75 88100108111109102 95 88 86 88 9610711912913515 710Z112 2111232813699999999999999 536 5717 2 8699999999999999
135128114 96 77 60 50 47 52 63 78 93106113115112106100 96 9610111012012915 711Z11353115999999999999999999999 651 471828 9699999999999999
136136129114 94 72 53 40 36 41 54 72 91108120124122116108101 9910211012015 712Z1 03213615 912499999999999999 756 361956 9999999999999999
131138138130113 90 65 44 29 26 33 49 72 95115128133129120110101 9810110915 713Z1 13413916 213399999999999999 850 2621 4 9899999999999999
122134142142131111 84 57 33 20 19 30 51 77104125137139132120107 97 94 9915 714Z1 229143164214099999999999999 936 182154 9499999999999999
110125139147144130106 76 47 24 13 16 32 58 88115135144142131115101 92 9115 715Z1 3171471718144999999999999991017 132235 9099999999999999
 99114131145150144125 97 66 37 17 11 20 41 70101127143146139124107 92 8615 716Z1 3591501749147999999999999991054 112311 8699999999999999
 89101119137149150139117 87 55 29 14 14 29 55 86115137147145132114 97 8415 717Z1 4391511818147999999999999991128 122344 8299999999999999
 82 90105124141150147131106 75 46 25 17 24 44 72103128144147139122103 8715 718Z1 51615018461479999999999999912 1 17999999999999999999999
 79 81 93110129143147140121 94 65 40 26 25 38 62 90118137146142129111 9215 719Z1 552147191214699999999999999 017 781232 2499999999999999
 79 75 82 96114131141141129109 83 58 40 33 38 56 8110712914214413511810015 720Z1 629142193814499999999999999 051 7513 3 3399999999999999
 83 74 75 84 99116129135131118 98 76 57 45 44 55 74 9812013614213812610815 721Z1 7 713520 614299999999999999 127 731334 4399999999999999
 90 77 72 75 85100114124126121108 91 73 60 55 59 72 9011112813813913111715 722Z1 750126203514099999999999999 2 7 7214 5 5599999999999999
100 84 74 71 75 85 97108116117112101 88 76 69 67 74 8710311913213713412415 723Z1 84111721 813799999999999999 255 711440 6799999999999999
109 94 80 72 69 73 81 91100107109106100 91 84 80 80 87 9811112313213312915 724Z1 953109214713499999999999999 354 691522 7999999999999999
119105 90 78 69 65 67 74 83 92100105106103 99 94 91 92 9610511512413013115 725Z11146106223913199999999999999 5 8 651623 9199999999999999
126116103 88 74 64 58 58 64 74 85 96105110111109104100 9910110711512312915 726Z11344111234713199999999999999 626 571755 9999999999999999
130126117102 85 68 55 47 47 54 66 82 9811111912211911310610210210711512415 727Z11455122999999999999999999999 733 46193010199999999999999
131134130119101 80 60 43 34 35 45 62 83104121131132127117107100 9910411415 728Z1 058134154213399999999999999 826 332041 9999999999999999
126136140135121 99 73 48 30 21 25 39 62 89114133142140131117103 95 9510215 729Z1 159140162114299999999999999 913 212133 9499999999999999
116132144148140121 94 64 36 17 11 19 39 68 99126144150144129111 96 88 9015 730Z1 252148165815099999999999999 957 112217 8799999999999999
102120139152154143120 88 54 25  8  6 19 45 78112138153154142123102 86 8015 731Z1 3411551733155999999999999991039  42258 8099999999999999
 87103125146159158143115 80 45 18  4  7 26 57 92125148157152135112 90 7615 8 1Z1 42816018 7158999999999999991119  32338 7399999999999999
 74 85106130151162158139109 73 40 17  8 17 40 73107137154157146124 99 7815 8 2Z1 5151621841158999999999999991159  8999999999999999999999
 67 69 84107132152159152132102 68 39 22 20 33 59 91122145156152136111 8615 8 3Z1 6 2159191415699999999999999 019 661238 1999999999999999
 68 61 67 84107131147152143123 95 67 45 34 37 54 79108133149153143124 9915 8 4Z1 651152194615399999999999999 1 2 611315 3499999999999999
 76 61 57 65 83105125138141132114 92 70 55 51 58 75 9812114014914713411315 8 5Z1 743142201815099999999999999 148 571352 5199999999999999
 90 69 57 56 64 80 99116126128122108 92 78 70 70 78 9411213014214513912515 8 6Z1 843129205114599999999999999 239 551429 6999999999999999
105 84 67 57 55 62 74 90104114117114106 97 89 85 87 9510712013213913913215 8 7Z110 1117213114099999999999999 341 5515 9 8599999999999999
119102 83 67 57 53 57 67 79 92103109111109105101 9910110611312213013413415 8 8Z112 0111222713599999999999999 458 5316 7 9999999999999999
128117102 85 68 56 50 51 58 69 83 9610711411611511210910810911311912613015 8 9Z11410116235213299999999999999 624 4918 210899999999999999
132129119105 86 68 53 44 43 49 62 78 9511012112512411911310810710911412215 810Z11516125999999999999999999999 739 4220 010799999999999999
129134132123107 86 65 47 36 35 43 59 8010111913013313012111110310010211015 811Z1 118134155513399999999999999 838 3421 510099999999999999
121132138137126107 83 58 39 29 30 42 63 88112130139138130117103 94 92 9715 812Z1 222139162614099999999999999 923 282148 9299999999999999
109124138145141127103 75 49 30 23 30 47 73101125140145138124107 93 85 8615 813Z1 31214516531459999999999999910 2 232222 8499999999999999
 96113131145149142123 95 65 40 24 23 35 59 88116137147145133114 95 81 7715 814Z1 3541491719148999999999999991036 222253 7799999999999999
 83 99119139151151138115 85 55 33 23 29 48 75105131146149140122100 82 7215 815Z1 43215217431509999999999999911 8 232323 7199999999999999
 73 85105127145153148130103 73 46 30 28 41 65 94122143151146130108 86 7015 816Z1 5 715318 6151999999999999991137 272352 6699999999999999
 66 73 91113134148151141119 91 63 42 34 39 58 85113136149149137116 93 7315 817Z1 54215118291519999999999999912 6 34999999999999999999999
 63 64 77 97119138147144130107 81 58 44 43 55 78104129145150142125102 8015 818Z1 617148185215099999999999999 022 621234 4299999999999999
 64 60 66 82103123137141135118 96 74 58 52 57 74 97120139148145132111 8915 819Z1 653141191614899999999999999 054 6013 2 5299999999999999
 70 60 60 70 87106123132133124108 90 73 64 64 74 91112131143145137120 9915 820Z1 732134194114699999999999999 128 591329 6399999999999999
 79 65 59 63 74 89106118125123114101 88 78 74 78 9010612313614213812711015 821Z1 81712520 914299999999999999 2 7 591359 7499999999999999
 91 74 64 60 65 75 88101111116115109100 92 87 86 9210211512713513713111915 822Z1 917116204113799999999999999 255 601433 8699999999999999
103 87 73 64 61 64 72 83 94103109110109105100 98 9810211011912713213112515 823Z11056110212613299999999999999 358 611523 9799999999999999
115101 86 73 63 58 59 65 74 85 9610511111411311110810610711111712312712815 824Z11317114224112899999999999999 524 5817 710699999999999999
124116103 89 73 61 52 50 54 64 78 9310711812312412011510910710811211912515 825Z11436124999999999999999999999 650 50191510799999999999999
129128122109 91 72 54 43 38 43 56 74 9511412813513412611610610010010611615 826Z1 023130152013599999999999999 758 382030 9999999999999999
127135137130114 92 67 46 31 27 34 52 76102125140145139126111 97 90 9110115 827Z1 143137155514599999999999999 852 272119 8999999999999999
117133145147138118 90 61 36 20 19 31 54 84115139151151139120 99 84 78 8315 828Z1 244148162815399999999999999 938 1822 1 7899999999999999
 99121142155157144119 86 53 27 14 17 35 64 98129151158151132107 84 69 6615 829Z1 33615817 0158999999999999991021 132240 6699999999999999
 78100127150163162145116 81 47 24 15 23 46 79114143159160145120 91 67 5515 830Z1 42516517311619999999999999911 1 152318 5599999999999999
 58 76103132156167162142111 76 45 26 24 37 64 98130154162155133104 74 5315 831Z1 51216718 2162999999999999991139 232357 4699999999999999
 46 54 76106135157164157135104 73 48 36 39 58 86117144159159145119 88 6015 9 1Z1 6 01641831161999999999999991216 35999999999999999999999
 43 41 54 78107134152156147126 99 73 56 51 60 80106132151158151132104 7515 9 2Z1 64815719 015899999999999999 038 401250 5199999999999999
 51 40 42 57 80106129143144135117 96 78 68 70 81100122141152152140119 9315 9 3Z1 738145192915499999999999999 121 391323 6899999999999999
 67 49 41 46 60 80102120130131124111 97 87 83 88 9911513114314814312910915 9 4Z1 835132195914899999999999999 2 8 411356 8399999999999999
 87 66 52 47 50 62 78 95109118120116110102 98 9810311112213213913913312115 9 5Z1 951120203514099999999999999 3 4 461431 9799999999999999
105 86 70 58 52 54 61 73 87 9910811311411311010810811111612212713113112615 9 6Z11155114212813199999999999999 417 52152710899999999999999
118105 91 76 64 56 54 58 67 79 9210311211812011911611411211311511912212515 9 7Z114 6120232212599999999999999 549 54181511299999999999999
124120110 97 82 67 56 51 53 61 74 8910511712512712511911210710410611011715 9 8Z11456127999999999999999999999 714 51201110499999999999999
123127125117102 84 66 53 46 48 58 74 94112126133133126116105 96 93 9610515 9 9Z1 113127152713499999999999999 816 4621 0 9399999999999999
116127134132122104 82 61 47 41 46 60 81104123136140135122106 92 84 83 9115 910Z1 220134155314099999999999999 9 2 412134 8399999999999999
105121135142138123101 76 54 40 38 48 68 93117136145142130112 93 78 73 7715 911Z1 3 8142161614599999999999999 940 3822 3 7399999999999999
 91110130144148139120 94 67 46 37 41 57 82109132146148138119 97 77 65 6515 912Z1 3481481639149999999999999991013 362231 6499999999999999
 76 96120140151150136112 84 58 42 38 49 71 99126145152145128104 80 62 5615 913Z1 42415317 1152999999999999991043 382258 5699999999999999
 63 81105130148155148129102 74 52 42 46 64 90118141153151136113 86 64 5115 914Z1 4591551722154999999999999991112 422326 5099999999999999
 52 66 89116139153153141118 91 66 51 48 60 82109134151154143122 95 70 5115 915Z1 5331551744154999999999999991139 482354 4699999999999999
 46 54 73 99125144152147130107 82 63 55 60 77102127146154149131106 79 5615 916Z1 6 615218 61549999999999999912 6 55999999999999999999999
 45 46 60 82108130144147137119 97 77 65 65 76 95119139151151138116 90 6515 917Z1 641147182915299999999999999 023 441233 6499999999999999
 49 44 51 68 91114131140138127110 92 78 73 78 92111131145149142125102 7715 918Z1 718141185314999999999999999 055 4413 1 7399999999999999
 58 47 47 57 75 96115128133129118104 91 84 84 92106122136144142131112 9115 919Z1 8 1133192014599999999999999 129 451330 8399999999999999
 70 55 49 52 63 79 96112121124121113104 96 93 9610411512713613813312110415 920Z1 856124195013999999999999999 210 4914 4 9399999999999999
 85 69 57 53 56 65 78 9210511411811711410910510310511111812613113112511515 921Z11023118203213199999999999999 3 5 53145610399999999999999
101 86 72 62 56 57 63 73 85 9710811511911911711411111011111511912312412215 922Z11235120215212499999999999999 426 56165711099999999999999
115105 92 78 65 57 53 56 64 77 9110611812612812612011310710510611011612215 923Z11358128999999999999999999999 6 5 53191110599999999999999
124122114100 84 67 54 46 47 55 71 90110126136138132121108 98 93 9410211315 924Z1 0 3124144313899999999999999 726 452017 9299999999999999
125132133125109 88 66 48 38 39 50 70 95119138146144132115 96 82 77 82 9515 925Z1 136134151814799999999999999 826 3721 1 7799999999999999
114132144146136115 89 62 41 32 35 51 77106132150154145126101 79 64 62 7215 926Z1 240147155015499999999999999 915 312140 6199999999999999
 93119142156157143118 87 58 37 30 38 60 90121146159156139113 83 59 46 4915 927Z1 333158162016099999999999999 958 302218 4699999999999999
 67 95126152165163146117 84 56 38 36 49 75107137158163152127 95 63 40 3315 928Z1 4221661650163999999999999991039 352256 3399999999999999
 42 67 99133158169163143113 82 57 44 48 66 94125151164161142111 76 45 2715 929Z1 5101691719165999999999999991116 442335 2499999999999999
 26 41 70104137159166158136108 81 62 56 65 86114140159164153128 95 60 3415 930Z1 5571661748164999999999999991152 56999999999999999999999
 21 26 45 75108137155158148128104 83 71 72 85106130150160157140113 80 501510 1Z1 644159181716199999999999999 014 211226 7099999999999999
 29 23 31 52 81110133146147137120102 88 83 88102120139152155146127100 711510 2Z1 734148184615599999999999999 055 231259 8399999999999999
 47 32 30 41 60 84108126135135127115103 96 95102114128141147145134115 921510 3Z1 828136191614799999999999999 139 301333 9599999999999999
 69 51 41 41 50 66 851041171241251211141071041051111191281351371331231081510 4Z1 936126195113799999999999999 229 40141210499999999999999
 90 73 59 52 51 58 70 84 981101171201191161131111111131171221251261231161510 5Z11117120204212699999999999999 332 51152611199999999999999
106 94 80 69 61 59 62 70 81 931051141201221211181141111091091111131161171510 6Z113 8122225511799999999999999 457 59182710999999999999999
115110101 89 77 67 62 62 68 78 92105117125128126120112104 99 97 991041111510 7Z114 5128999999999999999999999 628 611959 9799999999999999
117119117109 96 81 69 61 60 66 78 94111124132133128117104 92 85 84 891001510 8Z1 1 4119143913499999999999999 738 592040 8499999999999999
112122127125115 99 81 66 57 58 67 82102120134139136124108 91 77 72 74 851510 9Z1 21312815 613999999999999999 829 562111 7199999999999999
101118131137132118 98 77 61 55 58 72 92114132143143133115 93 74 62 60 69151010Z1 3 1137153114499999999999999 9 9 542139 6099999999999999
 87109129142144134116 93 71 57 54 63 82105128144149141124100 75 57 50 55151011Z1 341144155414999999999999999 944 5422 6 5099999999999999
 71 95120140150147132110 85 66 56 59 74 97121142152149133109 81 57 43 42151012Z1 4171501616152999999999999991016 552233 4199999999999999
 55 78106132149154146126102 78 63 59 69 89114137152154142119 90 62 42 34151013Z1 4511541639155999999999999991045 5923 1 3499999999999999
 41 61 89118142154153140118 93 73 64 67 83106130149156149130102 71 46 31151014Z1 52515517 2156999999999999991114 632329 3099999999999999
 32 46 72101129148154148131108 87 72 70 80 99122143155154139114 83 55 35151015Z1 5591541725156999999999999991142 692358 2899999999999999
 28 36 56 83112136149150139121100 84 76 80 94114135150154145125 97 67 43151016Z1 6341511750154999999999999991211 76999999999999999999999
 30 30 44 67 94119138146142130113 96 85 84 92107126142150147133109 82 57151017Z1 711146181615199999999999999 028 291240 8399999999999999
 38 32 37 53 76101122135139134123109 97 91 93103117132143145137120 97 73151018Z1 754139184414599999999999999 1 2 321313 9199999999999999
 52 40 38 46 62 82103120130132128119109101 99102111122132138136126110 90151019Z1 848132191813899999999999999 142 371354 9999999999999999
 70 54 45 45 53 66 83101115124127125119112107105107113120126129126118105151020Z110 212720 412999999999999999 233 44145910599999999999999
 89 74 61 53 51 56 67 81 96110120125126123118112108106108112116119119115151021Z11142127213212099999999999999 344 5117 110699999999999999
107 96 82 70 60 55 56 64 76 91107120129132129122113104 98 96 99105112117151022Z113 2132235311999999999999999 519 551853 9699999999999999
119116107 94 79 65 56 54 60 72 90108125136139134122107 93 83 80 84 95108151023Z11353139999999999999999999999 647 541954 8099999999999999
121128128120105 86 68 55 51 57 72 93115134145145135117 95 76 64 62 71 89151024Z1 131129143214799999999999999 754 512039 6299999999999999
109128140142132113 90 68 54 51 59 78102127146153148130104 77 55 44 46 62151025Z1 23714315 615399999999999999 847 502119 4399999999999999
 87115139152153140117 91 68 55 54 66 88116140156158145119 87 56 34 27 35151026Z1 331154153815999999999999999 934 532157 2699999999999999
 58 90122148161159143118 91 69 59 62 78103131153163157136104 68 36 17 16151027Z1 42116216 9163999999999999991016 582236 1499999999999999
 31 60 96130155165160141116 90 72 66 74 94120145161164151123 87 50 21  8151028Z1 5 91651640165999999999999991055 662315  799999999999999
 12 33 66103135157163155136112 90 77 77 89110134154164159139108 71 37 14151029Z1 5551631711164999999999999991132 752355  699999999999999
  7 17 41 74109138154157147129108 92 85 89103123143157160149125 94 59 31151030Z1 64215817431609999999999999912 7 85999999999999999999999
 14 13 27 52 83113136148148138122106 95 93100114131146154150136112 82 54151031Z1 729149181415499999999999999 035 111243 9299999999999999
 32 21 24 40 63 90115132140138129117105 99100108120133142145138123101 761511 1Z1 818140184814599999999999999 116 211321 9999999999999999
 54 39 33 38 53 73 95114127132130123114107103105111120128133132125112 951511 2Z1 912132192513399999999999999 2 0 3314 910399999999999999
 76 60 49 46 51 63 80 971121221261261211151091061061091141181211201151061511 3Z11019127201712199999999999999 251 46152710699999999999999
 94 81 69 61 58 62 71 84 981101191241251221161101051021011031061091101091511 4Z11137125221011099999999999999 355 58174310199999999999999
105 98 89 79 71 67 68 75 85 98110120126127124117108 99 93 90 90 941001061511 5Z11245127999999999999999999999 516 671920 8999999999999999
110110106 98 87 77 71 71 76 87100113124131131125114101 89 79 76 78 85 961511 6Z1 035110133313299999999999999 636 7020 8 7699999999999999
107115118115105 92 80 73 71 77 89105120131136134123107 89 74 64 62 69 821511 7Z1 15711814 913799999999999999 740 712042 6299999999999999
 99114125128122110 94 80 72 72 80 95113129139141133116 95 73 57 50 53 651511 8Z1 250128144014199999999999999 830 712113 4999999999999999
 85106125135136126110 92 78 71 74 87105124139146141126103 78 55 41 39 481511 9Z1 33213715 714699999999999999 911 712141 3899999999999999
 68 93118136144140127107 88 75 72 80 96117136148149137115 86 59 38 28 33151110Z1 410144153315099999999999999 947 722210 2899999999999999
 51 77105130146149140123102 84 75 77 89109130147153146127 98 67 40 24 22151111Z1 4451501559153999999999999991020 742239 2199999999999999
 34 58 89119141152150136116 96 81 77 84101123142154153138112 80 49 26 16151112Z1 5191531625155999999999999991052 7723 8 1699999999999999
 22 41 70102130148153146129109 91 81 83 95114135150155147125 95 62 34 17151113Z1 5541531653155999999999999991123 802339 1499999999999999
 15 27 52 83114138150150139122103 89 84 91106125143153151136110 79 48 25151114Z1 6301521721154999999999999991155 84999999999999999999999
 15 19 37 64 94122141148145132115 99 90 90100115133146150142123 96 66 40151115Z1 7 9149175215099999999999999 012 151229 8999999999999999
 23 19 28 48 75103126140144138125110 99 93 96107121135144143131111 85 59151116Z1 752144182614499999999999999 048 1913 8 9399999999999999
 38 27 27 39 59 83107126137138132121109100 97101110122132136133120102 79151117Z1 84113919 613699999999999999 128 251356 9799999999999999
 58 42 35 37 49 67 88108124133134129120110102 99101108116123126123113 98151118Z1 94013420 012699999999999999 215 3515 4 9999999999999999
 80 64 51 45 47 57 72 90108122130132128120110102 97 96 99105111115115110151119Z11049132212911699999999999999 315 451643 9599999999999999
100 88 74 63 56 56 62 75 90107121131134130121109 97 88 84 85 91 99107113151120Z11158134233811499999999999999 433 551818 8499999999999999
113109 99 87 74 65 62 66 77 92109124134138133121105 88 74 67 68 76 89103151121Z11255138999999999999999999999 558 621924 6699999999999999
115121120112 99 85 73 67 69 79 95114130141143134117 95 72 55 47 50 63 82151122Z1 123122134114399999999999999 714 672015 4799999999999999
103121132133124109 92 78 71 73 84102122139148147133109 81 54 35 29 36 54151123Z1 235134142114999999999999999 817 702059 2999999999999999
 80108130143143133115 96 81 74 78 91111132149155147127 97 64 35 17 14 27151124Z1 333145145915599999999999999 9 9 742141 1399999999999999
 52 84115139152150137118 97 83 78 84101122143156158144117 82 47 18  4  6151125Z1 424153153515999999999999999 955 782222  399999999999999
 25 55 91123147156152137116 97 85 83 93111133152161156136105 67 32  7 -2151126Z1 5111561610161999999999999991038 8223 2 -299999999999999
  6 30 63 99131150156149133112 95 87 89102121142156160149125 91 54 22  3151127Z1 5561561646160999999999999991117 862341 -199999999999999
 -1 13 40 74108136151153143126107 94 90 96110129146156154139112 78 45 18151128Z1 6381531721157999999999999991155 89999999999999999999999
  5  8 25 53 86116138148146135118103 93 93101116132146150144126 99 68 40151129Z1 720148175715099999999999999 019  41233 9299999999999999
 20 14 21 41 68 97121137142138126111 99 94 96105118131140141131113 88 63151130Z1 8 0142183314299999999999999 057 141313 9399999999999999
 41 28 27 37 57 81105124135136130119107 97 94 97106116126131128118102 821512 1Z1 840137191313199999999999999 136 261359 9499999999999999
 62 46 39 41 53 71 91111125132131124114104 96 94 96102110116119116108 951512 2Z1 92313220 211999999999999999 216 3915 0 9499999999999999
 80 66 56 52 55 66 82 99114124129127121111102 95 91 91 951001041071061021512 3Z11012129211810799999999999999 3 1 521627 9199999999999999
 94 84 74 67 64 67 76 89103115124127126119110100 91 85 82 84 88 93 981011512 4Z111 8128232910199999999999999 357 6418 8 8299999999999999
101 98 91 84 77 74 76 83 93106117125128126119108 95 83 75 70 71 77 85 941512 5Z112 7128999999999999999999999 5 9 741919 7099999999999999
102106105101 93 86 81 81 87 96108120128131128118104 87 72 61 57 59 68 811512 6Z1 125106125913199999999999999 628 8020 6 5699999999999999
 96107114115109100 91 84 84 89 99112125133135128114 95 74 57 46 44 50 651512 7Z1 235115134213599999999999999 737 832044 4399999999999999
 84103117125124116104 92 85 85 92104119132139137126106 82 58 40 31 34 471512 8Z1 323125141913999999999999999 833 842117 3199999999999999
 68 91113129134130118104 91 84 86 96111127140144137119 94 66 41 24 20 291512 9Z1 4 3134145314499999999999999 918 842149 2099999999999999
 49 75103126139140132117101 88 84 89103120137147146133108 78 48 24 12 14151210Z1 439141152514899999999999999 957 842221 1199999999999999
 30 56 87116137146143130113 96 86 85 95112131146151144124 95 61 31 11  5151211Z1 5151461558151999999999999991033 842254  599999999999999
 14 37 68100127145149141125107 91 85 89102121140151151138112 79 46 19  4151212Z1 55014916311539999999999999911 9 852328  299999999999999
  4 20 47 80112136148148136118100 88 85 93110129145153147128 99 65 34 11151213Z1 62615017 5153999999999999991144 85999999999999999999999
  3 10 30 60 93122141148144129111 95 86 88 99116134147149139117 86 54 27151214Z1 7 4149174215099999999999999 0 3  31222 8699999999999999
 10  8 19 43 73103128143145137122105 91 86 90102119134143142128105 77 49151215Z1 744146182214499999999999999 040  713 4 8699999999999999
 27 16 18 32 56 84111131141141131115100 89 86 91102117129135131118 97 72151216Z1 82514219 813599999999999999 120 151352 8699999999999999
 49 32 26 31 47 69 94116132138135125110 96 87 84 88 98110120124121110 93151217Z1 91013820 512499999999999999 2 3 261452 8499999999999999
 73 55 43 40 46 60 80101119131135131120106 93 83 79 81 88 98107113112105151218Z1 959135212411399999999999999 251 4016 8 7999999999999999
 94 79 66 57 55 60 72 88106121131133129118104 89 76 70 69 75 84 94103107151219Z11052134231710799999999999999 349 551734 6999999999999999
106100 90 80 72 69 72 81 94109122131134129117100 82 67 56 54 59 69 83 96151220Z11150134999999999999999999999 5 2 691850 5499999999999999
106111109103 94 85 80 81 87 98112125134136130116 96 73 54 41 37 43 57 76151221Z1 115111124713799999999999999 625 801952 3799999999999999
 95110119121115105 95 87 86 91102116130139140132114 89 62 39 24 21 30 49151222Z1 240121134014199999999999999 744 862044 2199999999999999
 73 98118129131124112100 91 88 93105121136145144132109 79 48 24 10 10 23151223Z1 341132142814699999999999999 849 882130  899999999999999
 47 77105127139139129115100 90 89 95110127142150146129101 68 35 10 -1  4151224Z1 430140151215099999999999999 942 882213 -199999999999999
 23 52 85115136145142129112 97 88 89 98115134148153145123 91 55 23  1 -5151225Z1 5131451553153999999999999991027 872253 -599999999999999
  5 29 62 96125142147140124106 92 86 89102121140152152139113 79 44 14 -2151226Z1 55214716331549999999999999911 7 852330 -499999999999999
 -2 14 41 75108133145145134116 99 86 84 92107126143151147129101 67 34 10151227Z1 6281471711152999999999999991145 84999999999999999999999
  1  7 27 57 90119138145139125107 91 82 84 95112130143146138117 88 57 29151228Z1 7 1145174814799999999999999 0 6  11221 8299999999999999
 12 10 22 45 75104127140140131114 97 84 80 85 98114129138137125104 77 50151229Z1 732142182513999999999999999 040  91257 8099999999999999
 29 20 23 39 64 91116132138134121105 89 80 79 86 99113125130126112 92 69151230Z1 8 213819 413099999999999999 113 191337 7899999999999999
 48 34 31 39 56 79103122133134126113 98 86 79 80 87 98109117119113101 84151231Z1 837134194511999999999999999 147 301423 7999999999999999
