 -7  9 36 69101125139141133119105 96 94102116132144147137115 84 50 18 -325 1 1Z1 6411421644147999999999999991138 942355-1199999999999999
-11 -3 18 48 81111131140137125110 96 89 92103119135145145131107 74 41 1325 1 2Z1 7141401727146999999999999991215 89999999999999999999999
 -4 -6  6 31 62 94120135138131116100 88 84 90103119134142138123 97 66 3625 1 3Z1 747139181214299999999999999 038 -71255 8499999999999999
 13  2  6 22 48 78106126136134123107 91 80 79 86100116129134129113 89 6225 1 4Z1 82013719 113499999999999999 116  21340 7899999999999999
 38 21 16 23 41 67 93116131134128114 97 82 73 73 80 93108119123118105 8625 1 5Z1 851135195912399999999999999 154 161432 7299999999999999
 64 46 36 35 45 63 85107124132131121105 88 73 65 65 71 83 9610611110910025 1 6Z1 922133211111199999999999999 233 341534 6499999999999999
 87 72 61 55 57 67 83101117128132127114 98 80 66 57 54 59 69 82 9310010325 1 7Z1 954132225510399999999999999 313 551647 5499999999999999
100 93 85 78 76 79 87 99112123130130123110 93 74 58 46 42 45 54 67 81 9325 1 8Z11031131999999999999999999999 4 0 7618 5 4299999999999999
101104104100 97 95 96102110118126130129122108 89 69 50 35 29 30 39 54 7225 1 9Z1 119104111813199999999999999 5 6 951919 2899999999999999
 89103112116115112109108110114121127131130123108 87 64 41 24 15 16 27 4625 110Z1 318116122113199999999999999 6551082022 1499999999999999
 68 91110122128127122117112112115121128133133125109 85 58 32 12  3  5 1925 111Z1 421128133113499999999999999 8431112117  299999999999999
 42 70 96118132136133125117110109112120130137138128109 81 51 22  2 -6 -125 112Z1 5 3136143313999999999999999 95010822 5 -699999999999999
 18 45 76105127138140133122111104103110121134142141129106 75 42 13 -6-1025 113Z1 53914015271439999999999999910341032248-1199999999999999
  0 23 54 87115134141138127113101 96 99109124138146142127100 67 33  6 -925 114Z1 6101411614146999999999999991110 962327-1199999999999999
 -8  7 35 68100124138139131116101 91 89 96110127141146139120 91 57 25  225 115Z1 6381401657146999999999999991142 88999999999999999999999
 -6  1 22 52 84112131138133120103 89 82 84 96112129141142131109 79 47 2025 116Z1 7 4138173714399999999999999 0 2 -61214 8199999999999999
  4  3 16 41 71101123135134123107 90 78 75 82 96114129137134120 96 68 4025 117Z1 727136181613799999999999999 034  21247 7599999999999999
 20 12 18 37 63 91115130134127111 94 78 70 72 81 96112125129123107 85 6025 118Z1 748134185512999999999999999 1 4 121322 7099999999999999
 39 27 27 39 59 84108125133129117 99 82 70 66 70 80 95108117118110 96 7725 119Z1 8 9133193711999999999999999 131 2514 0 6699999999999999
 58 45 40 46 60 81102120130130121106 89 74 64 63 68 78 90101107107100 8825 120Z1 831131202610899999999999999 157 401445 6299999999999999
 74 62 56 57 66 80 98115126130125113 97 81 68 61 60 64 73 83 92 97 97 9325 121Z1 8541302134 9899999999999999 223 551540 5999999999999999
 86 78 73 71 75 84 97110121127126118105 90 76 65 57 56 59 66 74 82 88 9125 122Z1 9201272338 9299999999999999 249 711651 5699999999999999
 92 90 88 86 87 91 98107116122124121112100 87 73 61 53 49 50 56 64 74 8325 123Z1 952124999999999999999999999 316 861814 4999999999999999
 91 96 99100100100102106111116120121117110 99 85 70 56 45 39 39 45 56 6925 124Z110401219999999999999999999991929 39999999999999999999999
 83 95105110112111109107108111114118120118111 99 83 65 48 34 27 27 35 5025 125Z1 4 011212 112099999999999999 7 91072027 2699999999999999
 68 87104115121121117111107106108113118122122114100 80 58 37 21 13 16 2825 126Z1 428122132312399999999999999 8541062115 1399999999999999
 48 72 96115126129126117109102101105113123129128118100 75 47 23  6  1  825 127Z1 455129142612999999999999999 9441012157  199999999999999
 26 52 81107126135133125112101 95 96104117130137134121 97 66 35  9 -6 -825 128Z1 5221351517137999999999999991021 942236 -999999999999999
  5 30 61 93119135139132118102 90 86 92106123138144138120 91 56 23 -2-1425 129Z1 54913916 4144999999999999991054 862313-1499999999999999
 -9 10 41 75107130141138125106 89 79 79 90109129144148139115 82 46 14 -725 130Z1 6171411649148999999999999991128 772350-1399999999999999
-13 -2 23 57 92121138141131113 91 74 68 73 89111133147148134108 74 39 1025 131Z1 64314217351499999999999999912 3 68999999999999999999999
 -5 -3 14 43 77109132141137120 97 75 61 58 69 88112133144142126 99 67 3625 2 1Z1 7 9142182114599999999999999 025 -61240 5899999999999999
 15  8 16 37 67 98124138139127105 80 60 50 52 65 86110128136132116 91 6425 2 2Z1 733141191013799999999999999 058  81320 4999999999999999
 41 28 28 41 63 90116133139132114 90 66 49 42 47 62 82103118125120106 8725 2 3Z1 75613920 412599999999999999 130 2614 4 4299999999999999
 67 53 47 53 67 88110128137135122101 77 56 42 38 43 57 75 93105111108 9925 2 4Z1 818137211011199999999999999 2 0 471455 3899999999999999
 87 76 69 70 78 91108123133135127112 91 70 52 39 35 40 50 65 80 91 98 9925 2 5Z1 841135225010099999999999999 226 691559 3599999999999999
 97 93 89 88 91 99109120128132129120105 87 68 52 39 34 35 42 53 66 78 8825 2 6Z1 9 5132999999999999999999999 244 881721 3399999999999999
 96100102104105108112117122126126123116104 89 71 54 40 31 27 31 40 54 6925 2 7Z1 9391279999999999999999999991857 27999999999999999999999
 84 98108114117117117117117118120121120116108 94 76 57 39 25 19 20 30 4625 2 8Z1 453117111612199999999999999 7 31172018 1899999999999999
 66 87104117124125122117112110110113118121121115100 80 56 34 17  9 12 2425 2 9Z1 442126132912299999999999999 9261092116  999999999999999
 45 70 95115127131128119110102 99102109119127129121104 80 52 26  8  2  825 210Z1 5 013114441299999999999999910 3 9922 2  299999999999999
 26 52 80106125134132123109 97 89 89 96110124134135125104 75 44 18  1 -125 211Z1 5201341537136999999999999991032 882239 -299999999999999
 11 35 65 95119133135127112 95 82 77 82 96114131140138124 98 66 34 10 -125 212Z1 5411361621141999999999999991059 772312 -199999999999999
  4 22 51 83111130137131116 96 78 68 69 80 99120137143136116 87 54 25  725 213Z1 6 113717 0143999999999999991126 672342  399999999999999
  4 16 41 72102125136134120100 78 63 59 66 83105126139141129105 75 44 2125 214Z1 6191371737142999999999999991153 58999999999999999999999
 12 17 36 64 94119134136125105 82 62 52 54 67 87110128137134117 92 64 3925 215Z1 637137181313899999999999999 0 9 111221 5199999999999999
 24 23 36 59 88114132137129111 88 65 50 45 53 70 92113127131123105 81 5825 216Z1 654137184913199999999999999 034 221251 4599999999999999
 40 34 41 59 83108128136132117 95 71 52 42 44 55 74 95112122121111 94 7425 217Z1 712137192712399999999999999 058 341322 4299999999999999
 57 49 50 62 82104123134134123103 80 59 45 40 46 59 77 94107113110100 8625 218Z1 73013520 911399999999999999 121 481356 4099999999999999
 73 64 62 69 83100118129132125110 90 69 52 42 41 48 61 76 90100103100 9325 219Z1 74813321 210399999999999999 142 621436 4199999999999999
 85 78 75 78 87 99113124129126115 98 80 63 50 43 44 50 60 72 82 90 94 9425 220Z1 8 71292231 9499999999999999 2 1 751528 4399999999999999
 92 89 87 89 93101110118123123117106 91 76 62 51 45 44 47 55 64 73 81 8825 221Z1 828124999999999999999999999 2 8 871644 4499999999999999
 93 96 98 99102105109113117118116110101 90 77 64 53 45 40 40 45 53 64 7525 222Z1 8541189999999999999999999991828 40999999999999999999999
 87 97104109111111110110110111112111109103 94 82 67 53 40 31 29 33 43 5825 223Z1 430111101011299999999999999 6561101954 2999999999999999
 75 92106115119118114109105103104108111113110102 87 68 48 31 19 16 22 3625 224Z1 415120125711399999999999999 9 41032052 1699999999999999
 57 80102118126126120110100 94 94 99108117122120110 91 66 41 19  6  4 1525 225Z1 430127141812299999999999999 936 932137  499999999999999
 36 64 92115130133127114 99 87 81 85 96112126134131116 91 61 31  7 -4 -125 226Z1 45113315151349999999999999910 6 812217 -499999999999999
 17 45 77107128138134120101 82 70 69 79 98119136144138118 88 53 22  0 -625 227Z1 51313816 4144999999999999991036 682254 -699999999999999
  4 28 60 95123139140128106 81 62 53 58 76101126145150140116 82 47 17  125 228Z1 53514116521509999999999999911 8 532329 -199999999999999
  1 18 47 82114136143135114 86 60 42 39 51 75105132149151137111 77 44 2025 3 1Z1 5581431738152999999999999991142 38999999999999999999999
 11 18 40 71104130143141123 95 64 39 27 30 48 76107132146145130103 73 4625 3 2Z1 620144182614899999999999999 0 3 111218 2699999999999999
 31 30 43 67 97123141143131106 75 45 24 18 26 48 76106128138135119 97 7325 3 3Z1 641144191513999999999999999 034 281256 1899999999999999
 55 48 54 70 94118136143137117 89 58 32 17 15 27 49 75100118126122109 9325 3 4Z1 7 214320 812699999999999999 1 3 481337 1499999999999999
 78 69 69 79 95114131140139125103 76 49 28 17 18 30 49 71 9110511110910225 3 5Z1 721141211411199999999999999 128 681424 1699999999999999
 93 86 85 89100113126135136129114 92 69 47 31 23 24 33 48 64 80 91 9810025 3 6Z1 741137231110099999999999999 146 851523 2399999999999999
100 98 98100106113121128130127118105 88 70 53 39 31 30 34 43 55 68 80 8925 3 7Z1 759130999999999999999999999 139 981646 3099999999999999
 97102106109112115117120121120117111102 90 77 63 49 38 32 32 36 46 59 7325 3 8Z1 8 61219999999999999999999991837 31999999999999999999999
 87100109115117117115112110109109109108105 98 87 72 56 41 30 26 29 39 5525 3 9Z1 41911799999999999999999999920 5 26999999999999999999999
 74 92108118122120114107100 96 96100106112113108 96 78 58 39 25 20 25 3825 310Z1 410122134711399999999999999 930 9621 2 2099999999999999
 59 81102118125124117105 93 85 82 87 97109119123117101 79 54 32 19 16 2525 311Z1 422126145312399999999999999 949 822143 1699999999999999
 45 69 95115127129121106 89 76 69 72 83100117129130121100 74 47 26 15 1825 312Z1 4381291540131999999999999991012 692217 1599999999999999
 34 58 86111127132126110 89 71 59 58 67 86107126136134119 94 65 39 22 1825 313Z1 4551321620137999999999999991036 572246 1799999999999999
 28 49 77105126135131115 93 69 52 46 52 69 93117134140132113 85 56 34 2325 314Z1 51113516571409999999999999911 1 462314 2399999999999999
 27 44 70 99122135135121 98 72 50 37 38 52 75102125139139126103 75 50 3425 315Z1 5281371732141999999999999991126 362339 3199999999999999
 32 43 65 93118134138127106 78 52 34 28 37 57 84110130138133116 92 67 4825 316Z1 54413818 7138999999999999991152 28999999999999999999999
 41 46 64 88113132139132113 86 58 35 24 26 41 65 92116131133124106 84 6425 317Z1 6 1139184213499999999999999 0 4 411220 2399999999999999
 53 53 65 85108128138135120 95 67 42 25 21 30 49 74 98117126125113 96 7925 318Z1 619138191912799999999999999 028 511248 2199999999999999
 66 62 69 84104122134136125104 78 52 32 22 24 37 57 80101114119114104 9025 319Z1 637137195911999999999999999 051 621319 2299999999999999
 79 73 75 85101117129133127111 89 64 43 29 25 31 45 63 82 98107109105 9725 320Z1 656133204810999999999999999 113 731354 2599999999999999
 89 84 84 89 99112123128126115 98 77 57 41 32 31 37 49 64 79 91 98101 9925 321Z1 71512822 610199999999999999 133 831438 3099999999999999
 96 93 93 95101109116122122116105 89 72 57 44 37 36 40 49 60 72 82 90 9625 322Z1 734122999999999999999999999 146 931543 3699999999999999
 99101102103105108111114115113108 99 87 74 62 51 42 38 38 43 52 63 75 8625 323Z1 7551159999999999999999999991725 38999999999999999999999
 97104109111111109107106106106106104 99 92 82 70 56 44 35 31 34 42 55 7225 324Z1 31611199999999999999999999919 8 31999999999999999999999
 89103114119118113106100 96 95 97102106107103 93 78 60 42 29 22 24 35 5425 325Z1 321119124610799999999999999 842 952016 2299999999999999
 76 97114124126119108 95 85 80 83 91103114119116104 84 61 38 21 14 19 3525 326Z1 339126141111999999999999999 9 9 8021 5 1499999999999999
 59 86110127133127113 94 76 65 64 73 90109125133128112 88 59 33 16 12 2225 327Z1 359133151013399999999999999 938 632148 1299999999999999
 44 73102125137135120 97 73 53 45 50 67 92117137144137117 88 57 31 17 1825 328Z1 42113816 21449999999999999910 9 452226 1699999999999999
 34 61 92120138141129105 76 48 30 27 39 64 96126146151141118 87 57 34 2625 329Z1 4431421651151999999999999991042 2623 3 2699999999999999
 33 54 83113135145138117 85 51 24 11 14 34 66101131149152139115 86 59 4325 330Z1 5 61451740153999999999999991117 102337 4199999999999999
 42 54 78106131145145128 99 63 29  6 -1  9 34 69104132147147133110 85 6625 331Z1 5281471829149999999999999991154 -1999999999999999999999
 58 62 78101125143148138113 80 44 14 -4 -4 11 38 72104127138137124106 8825 4 1Z1 551148192013999999999999999 0 9 571233 -699999999999999
 76 75 83100120137146142125 98 64 32  8 -3  0 17 43 73 9911812612411510325 4 2Z1 613147201712799999999999999 039 741315 -499999999999999
 92 88 91101116131141142132112 85 56 30 12  5 10 26 48 71 9210711311310925 4 3Z1 636142212811499999999999999 1 5 8814 3  599999999999999
103 99 99104113123132135131119101 78 55 35 22 17 22 33 50 67 83 9510310625 4 4Z1 659135233610699999999999999 126 9815 1 1799999999999999
106105105107111117122125124119108 94 78 61 46 35 30 31 38 49 62 76 88 9725 4 5Z1 721125999999999999999999999 1321051620 3099999999999999
104108110111111111112112112111107102 94 84 72 59 47 40 37 39 47 58 72 8625 4 6Z1 71211299999999999999999999918 3 37999999999999999999999
 98108113115113109104100 98 97 99101102100 93 83 69 56 44 38 38 45 58 7425 4 7Z1 252115115410299999999999999 839 971929 3799999999999999
 90105115119116109100 91 84 82 85 92100107108103 92 76 59 44 37 38 47 6225 4 8Z1 3 6119134710899999999999999 855 822026 3699999999999999
 82100115122121113100 85 73 68 69 78 91105115118111 96 77 57 42 36 40 5325 4 9Z1 323123144811899999999999999 918 6721 7 3699999999999999
 73 95114125127119103 84 67 56 54 61 77 96114125125115 97 74 54 41 39 4825 410Z1 341127153312699999999999999 942 532142 3899999999999999
 66 88110126131125109 87 65 47 40 45 60 82106124133129115 93 70 51 42 4625 411Z1 35813116131339999999999999910 7 402213 4299999999999999
 60 82106125134131116 93 67 44 31 30 43 65 92117133137129111 87 65 51 4925 412Z1 4161351650138999999999999991032 292242 4899999999999999
 58 77101122135136124101 73 45 26 19 27 47 74103126138138125104 82 64 5625 413Z1 4341371726140999999999999991057 192310 5599999999999999
 60 74 96118134139131110 81 51 27 14 15 30 56 86113132139133118 97 78 6525 414Z1 45313918 2139999999999999991124 122337 6399999999999999
 64 74 92113131140136119 92 61 33 14  9 18 39 67 96120134135126109 91 7725 415Z1 5121401838136999999999999991152  9999999999999999999999
 71 75 89108126137138126103 73 44 21  9 11 26 50 78103122130128117102 8825 416Z1 533139191513199999999999999 0 4 711221  899999999999999
 79 79 88103120132137130112 86 57 32 15 11 18 36 60 85106119123119109 9725 417Z1 554137195612399999999999999 030 781253 1099999999999999
 88 85 89100113126133130118 97 72 47 27 17 17 27 45 67 8810411411611210425 418Z1 617133204811699999999999999 056 851329 1599999999999999
 97 92 93 99108119126127121106 86 64 43 29 22 25 35 51 69 86 9910711010825 419Z1 64112822 211099999999999999 124 921414 2299999999999999
104100 99100105112118121119111 97 80 62 46 35 29 31 39 52 67 81 9410310725 420Z1 7 9121235910999999999999999 2 2 991515 2999999999999999
109108106104104106108111112110103 93 81 67 53 42 36 35 39 49 62 77 9110325 421Z1 749112999999999999999999999 3331041641 3499999999999999
110114114110106102 99 99100102103101 97 88 76 63 50 40 35 37 46 59 76 9325 422Z1 124114 95910399999999999999 645 991814 3599999999999999
108117121118111101 92 86 84 87 93100105106100 88 73 56 43 35 35 44 60 8125 423Z1 2 3121123410699999999999999 750 841927 3499999999999999
101117126126118104 88 74 67 67 75 88103114119114101 82 61 45 35 37 48 6825 424Z1 23112714 011999999999999999 827 662024 3599999999999999
 91113128133127111 89 67 51 45 50 66 87109126132127111 89 66 48 39 43 5825 425Z1 25713315 313299999999999999 9 2 452112 3999999999999999
 81106127138136121 96 68 42 27 25 37 61 90118137144137118 94 70 53 48 5625 426Z1 322139155914499999999999999 938 242155 4899999999999999
 74 98122139143133109 77 44 18  5 10 29 60 95125145150142122 97 76 62 6125 427Z1 3471441651151999999999999991015  52235 6099999999999999
 72 93117137147143124 92 55 21 -2 -9  1 27 63 99130148151141122100 82 7325 428Z1 4131481743152999999999999991054 -92313 7399999999999999
 77 91111132147150137111 75 37  5-14-15  1 30 67103130145147136119101 8925 429Z1 4401501836148999999999999991134-172349 8599999999999999
 85 92107126143151146127 97 60 24 -3-16-12  7 37 7110312613813812911510325 430Z1 5 91511930140999999999999991217-16999999999999999999999
 95 96105120135146147137115 84 51 20 -1 -9 -3 17 44 7410112012912912211225 5 1Z1 539148202813099999999999999 023 9513 2 -999999999999999
104101105113125136142138125104 76 48 23  7  3 11 28 51 76 9711211912011625 5 2Z1 611142213512099999999999999 0581011351  399999999999999
110106105109116124130132127114 95 73 51 32 20 18 24 38 57 76 9310611311525 5 3Z1 646132225411599999999999999 1381051447 1899999999999999
113109106106108112116119119114105 91 75 58 44 35 32 36 47 61 77 9210311025 5 4Z1 729120999999999999999999999 2441061553 3299999999999999
113113109106103102102104105106105100 92 81 68 56 47 43 45 53 65 79 9310525 5 5Z1 014113 85610699999999999999 5171021710 4399999999999999
112115114109102 95 91 88 89 92 96 99100 97 89 78 66 56 51 51 58 70 84 9925 5 6Z1 1 7115114310099999999999999 716 881825 5099999999999999
110118119114105 94 83 76 73 75 82 91 99105104 98 87 74 62 56 56 64 77 9225 5 7Z1 142119132710599999999999999 8 3 731927 5599999999999999
107119123121111 97 81 67 59 59 65 77 92105113113106 93 78 66 60 62 71 8625 5 8Z1 2 9123143311499999999999999 836 582017 6099999999999999
103118127127119103 83 64 50 44 48 61 79 98114122121111 96 80 68 64 69 8125 5 9Z1 233128152312399999999999999 9 6 442059 6499999999999999
 98115128132126111 89 65 45 33 32 43 62 85108124130126114 97 81 71 70 7825 510Z1 25613216 613099999999999999 934 312137 6999999999999999
 93111126135133120 98 71 46 27 20 26 44 69 96119133136128113 95 81 74 7725 511Z1 31913616451369999999999999910 2 202212 7499999999999999
 89106123135138128108 80 51 27 14 14 27 50 79107128139137126110 93 82 7925 512Z1 3431381723139999999999999991030 122245 7999999999999999
 86101118133140135118 92 62 33 13  6 13 33 61 91117134140135121105 91 8425 513Z1 4 714018 01409999999999999911 0  62316 8499999999999999
 86 97113129139139128105 75 44 19  5  5 18 42 72101123136137129115100 9025 514Z1 4321411837138999999999999991131  32347 8899999999999999
 88 94107123135140134116 90 59 31 11  3  9 27 53 82107125133131122109 9725 515Z1 45814019161349999999999999912 4  3999999999999999999999
 91 93102115129137137125103 76 47 23  9  7 17 37 63 8911112412912511610525 516Z1 52613820 012999999999999999 018 911240  699999999999999
 97 94 99109121131135129114 91 65 40 21 12 14 26 46 70 9311112212412011225 517Z1 557135205012499999999999999 051 941319 1199999999999999
103 98 98103112122128128120104 83 59 38 24 18 22 35 54 75 9511011912111725 518Z1 631129214812199999999999999 132 9714 5 1899999999999999
111104100100104111117121120112 97 79 59 42 30 26 30 42 59 78 9611011812025 519Z1 716121225212099999999999999 230 9915 0 2699999999999999
117111104 99 98 99104109112112106 95 81 65 50 39 35 38 48 63 81 9811212025 520Z1 824112235012299999999999999 359 9816 6 3599999999999999
122119111102 94 89 89 92 97103106105 99 88 75 61 50 44 46 54 68 8610311725 521Z11018106999999999999999999999 541 881720 4499999999999999
124125119108 95 83 75 72 76 85 95104109108100 88 74 61 54 54 61 75 9311025 522Z1 037126121910999999999999999 652 721832 5399999999999999
124130128117101 82 65 55 53 60 73 90106117119114102 86 72 64 63 70 8510325 523Z1 115130135012099999999999999 743 521936 6299999999999999
120132135128111 88 63 43 32 33 45 65 89111126132127114 98 83 73 73 81 9725 524Z1 14913515 113299999999999999 827 312034 7299999999999999
115131140138125101 71 43 21 12 16 34 61 91118136142137124106 91 83 84 9325 525Z1 22114116 214299999999999999 910 112126 8299999999999999
109127141146138118 88 54 23  2 -4  5 29 61 95124143149143129112 98 91 9425 526Z1 255146165914999999999999999 953 -42213 9199999999999999
105122138149148135109 74 38  7-11-13  1 29 64 99128145150144130114102 9825 527Z1 3291501753150999999999999991037-152257 9899999999999999
103115132146153147129 99 62 26 -2-17-15  3 33 6910312914414714012711310425 528Z1 4 61531845147999999999999991122-18233910399999999999999
103110123138149152142121 89 53 20 -4-14 -9 11 41 7510512814014113412211125 529Z1 44415219361429999999999999912 8-15999999999999999999999
105106114127140148147135112 81 48 19  0 -6  2 23 51 8110712613413412611625 530Z1 525149202413599999999999999 0201041255 -699999999999999
107103106115126136142138125103 76 48 24 10  7 17 36 62 8710912312912611925 531Z1 6 8142211112999999999999999 1 31031341  799999999999999
110103101104112121129132127115 96 73 50 32 22 23 33 51 72 9411112112412125 6 1Z1 656132215612499999999999999 1531011428 2199999999999999
113105 99 97100105112118120116107 92 74 56 43 36 38 48 64 8310011412112225 6 2Z1 752120223912299999999999999 256 971516 3699999999999999
117109101 94 91 92 96101106109107101 91 78 65 55 50 53 62 76 9210611712225 6 3Z1 911109232012299999999999999 421 9116 8 5099999999999999
121115106 96 88 83 81 84 89 95100102100 94 85 75 67 63 66 74 8610011312125 6 4Z111 2102999999999999999999999 550 8117 6 6399999999999999
124121113102 89 78 71 68 71 78 87 96102104101 94 85 78 74 76 84 9510811825 6 5Z1 0 1124125210499999999999999 658 6818 9 7499999999999999
125126121110 95 79 66 57 55 60 70 84 97106111109103 94 87 83 84 9210211425 6 6Z1 040127141511199999999999999 746 551913 8399999999999999
124129128119104 85 66 51 43 44 53 68 85102115120119111101 93 89 91 9810925 6 7Z1 117130151512199999999999999 826 422012 8999999999999999
121130133127114 94 71 51 36 31 36 50 70 92111125129126117105 96 93 9610425 6 8Z1 15213316 312999999999999999 9 1 3121 4 9399999999999999
116128135134124105 81 56 35 23 22 32 52 76101122133136130118106 98 9610025 6 9Z1 225136164513699999999999999 935 212148 9599999999999999
111124134139133118 94 66 40 21 13 17 33 58 86111130139138129117105 98 9825 610Z1 25813917231409999999999999910 9 132227 9799999999999999
106118131140140129108 81 52 26 10  7 17 39 67 96120136141137126113102 9825 611Z1 33114118 1141999999999999991044  723 3 9899999999999999
101112125137143138122 97 67 38 15  4  7 22 47 77105127139140133120108 9925 612Z1 4 51431838141999999999999991119  42338 9899999999999999
 98105118131141143134113 85 55 27  9  3 11 30 57 8711313113913712711410325 613Z1 4401441915139999999999999991156  3999999999999999999999
 97100109122135142140126103 74 45 21  7  6 18 40 68 9611913313713212110825 614Z1 516143195413799999999999999 013 971234  599999999999999
 99 96101112125136140134118 93 65 39 19 10 13 28 52 7910412313313412711525 615Z1 556140203313599999999999999 052 961313  999999999999999
103 96 95101112124132134126109 86 61 38 22 17 24 41 64 8911112713313112225 616Z1 640134211313399999999999999 136 941355 1799999999999999
109 98 92 92 98108119126126118103 83 61 42 31 29 38 54 76 9911712913312825 617Z1 734127215213399999999999999 230 911440 2999999999999999
117104 93 86 85 91100110117118113101 84 67 52 44 44 53 69 8810812313113225 618Z1 844119223213399999999999999 335 851529 4399999999999999
124112 98 85 77 75 79 88 99108112111103 91 78 67 60 61 69 82 9911612813325 619Z11016112231213399999999999999 448 751626 6099999999999999
131121106 89 74 64 60 64 74 87100109112110103 93 83 77 77 83 9510912313225 620Z112 6113235413599999999999999 559 601731 7699999999999999
135130118100 79 61 48 43 47 59 76 94109118120116108 99 93 91 9610511712925 621Z11350120999999999999999999999 7 1 431845 9199999999999999
137138130115 93 68 46 31 26 31 47 68 9111212513112912211310510210511312425 622Z1 038138151313199999999999999 758 2620 110299999999999999
135142141131111 85 56 31 15 10 18 38 64 9211613314113913212111310911111825 623Z1 125142161914199999999999999 851 1021 910899999999999999
130140147144131107 77 45 18  2 -1 10 33 64 9512214014814513612411511111325 624Z1 214147171414899999999999999 942 -222 711199999999999999
122134146151146129103 69 36  8 -7 -7  8 34 6710112714415014613512211311025 625Z1 3 415118 1150999999999999991031 -9225511099999999999999
114125138150153146127 97 62 28  3-10 -6 12 41 7510713214614814112911610825 626Z1 3531541844149999999999999991118-10233710699999999999999
107114126141151153143122 91 56 24  2 -7  1 22 52 8511413514514313412010825 627Z1 44115419221459999999999999912 2 -7999999999999999999999
101103113127141150149137114 84 51 23  6  2 14 36 66 9612113714113612411025 628Z1 528151195514199999999999999 0171011243  299999999999999
 99 96100111125138145142128106 77 49 26 15 17 31 54 8210812713713612711325 629Z1 614145202513799999999999999 057 961322 1499999999999999
100 92 90 97108121132136132118 97 72 50 34 28 34 51 73 9811813113513011825 630Z1 7 1136205313599999999999999 139 901357 2899999999999999
104 92 86 86 92103115123126121108 91 71 55 45 45 54 71 9111112613313212325 7 1Z1 751126212013499999999999999 227 851432 4499999999999999
110 96 86 80 81 87 96106113115111102 88 75 64 59 63 73 8910612113113312825 7 2Z1 851115214813399999999999999 323 8015 6 5999999999999999
117104 90 80 75 75 79 88 96103107105100 91 83 77 75 80 8910311612713213125 7 3Z11013107222013399999999999999 429 741546 7599999999999999
124112 98 85 74 68 67 71 78 87 96102104103 99 94 90 90 9410211212212913225 7 4Z112 8104225813299999999999999 541 661637 8999999999999999
129121108 93 79 66 59 57 61 70 81 9210210811110910610310110410911712413025 7 5Z114 5111234713199999999999999 647 57175310199999999999999
131127118104 88 71 57 48 47 52 63 78 9310711612112011611110910911311912625 7 6Z11520121999999999999999999999 744 47192410899999999999999
131132127116100 80 61 46 37 37 45 60 79 9911512613012812311611111011412025 7 7Z1 04213216 913099999999999999 832 36204211099999999999999
128133134127114 94 71 50 34 26 29 41 61 8410712513513713312411611010911425 7 8Z1 137134164813799999999999999 915 26213710999999999999999
122131137137128110 86 60 37 22 17 24 41 66 9211613414214113312211210710825 7 9Z1 226138172214299999999999999 955 17221910699999999999999
115126137142139126104 76 48 25 12 11 23 46 7410312614114514012911610610325 710Z1 3111431755145999999999999991033 10225510399999999999999
107118132143147140122 96 65 36 14  5 10 27 54 85114135145145135121108 9925 711Z1 3531471827146999999999999991111  52329 9899999999999999
100108122138148149138116 86 54 26  8  3 14 36 66 98124141147141128112 9925 712Z1 4351501857147999999999999991147  3999999999999999999999
 93 97110126142150147132107 76 44 20  7  8 24 50 8111113414514513411810125 713Z1 517150192714699999999999999 0 4 931223  699999999999999
 90 88 96111128142148143125 98 68 39 20 13 20 39 67 9712314014614012510625 714Z1 6 2148195614699999999999999 042 881259 1399999999999999
 90 82 83 94110127139143135117 91 64 40 27 26 37 59 8611313314414313211425 715Z1 649143202414599999999999999 122 811335 2499999999999999
 95 81 75 78 90106122133135127110 88 65 48 41 44 58 8010412514014413712225 716Z1 743135205214499999999999999 2 8 741411 4199999999999999
103 85 72 67 71 83 98113124126120106 90 73 63 60 66 80 9911913414214113025 717Z1 846126212014399999999999999 3 0 671448 6099999999999999
113 94 76 64 59 63 74 88102113117115107 97 87 81 81 8810011512913914113625 718Z110 8117215114299999999999999 4 2 591529 8099999999999999
124106 87 69 56 50 53 62 76 9010311111411310810310010110611412513414014025 719Z112 7114223014099999999999999 512 50162110099999999999999
133120103 83 63 49 41 41 49 62 79 9510911712212111911611611812212913513925 720Z11427122232714099999999999999 628 40174811599999999999999
139133120102 81 59 41 30 28 36 51 70 9111012413213413212712412212412913425 721Z11552134999999999999999999999 741 28195612299999999999999
139140136123104 79 54 33 20 17 25 43 67 9211513214214313813112412012112625 722Z1 045141164114399999999999999 845 16212312099999999999999
134141145141127105 77 49 25 10  8 19 40 68 9812314114814713912811911411625 723Z1 2 1145171914999999999999999 940  7221511499999999999999
123135145150146130105 74 42 17  3  4 18 44 7610713214715114513211910910625 724Z1 3 41501751151999999999999991028  2225410699999999999999
111122137150155148130101 67 35 12  1  6 26 55 88118140150148137121106 9825 725Z1 3581551820150999999999999991110  12328 9799999999999999
 98108123141153156147125 94 60 30 10  6 16 40 71104130145149141125107 9325 726Z1 4461571846149999999999999991148  5999999999999999999999
 88 93107125143154154141117 85 53 28 15 17 33 60 91119139147143129111 9325 727Z1 53015519 914799999999999999 0 1 881222 1499999999999999
 82 81 91107126142150146131106 77 49 31 26 35 55 82110133145145134116 9625 728Z1 612150193014699999999999999 035 801252 2699999999999999
 81 74 78 90107125138142136119 96 71 51 41 43 56 7910412714114513812210225 729Z1 653142194914599999999999999 1 9 741320 4099999999999999
 84 72 70 76 90106121131132124108 89 70 58 55 63 7910012213814414112811025 730Z1 73613320 914599999999999999 147 691346 5599999999999999
 91 76 67 67 75 88103115122121114101 87 76 71 73 8410011813314214213311825 731Z1 826123203014399999999999999 228 661411 7099999999999999
100 83 70 65 66 74 85 97107113113108100 92 87 86 9110211512813814013612525 8 1Z1 930113205414099999999999999 318 641437 8699999999999999
110 93 79 68 63 64 70 79 90 9910510710710410110010110611512413213613612925 8 2Z11117107212113799999999999999 420 6315 310099999999999999
118105 90 77 66 60 60 64 72 82 9210010711111311311311411712112613113213125 8 3Z122 1132999999999999999999999 537 59999999999999999999999
125115103 89 75 63 55 53 56 63 74 8710011111912312412312112112212412712925 8 4Z11549124232012999999999999999 658 53184712199999999999999
129124116104 89 72 57 47 43 46 55 70 8810511912913313212812311911912112525 8 5Z11615133999999999999999999999 8 5 43204711899999999999999
129131128120105 86 66 48 36 32 37 51 70 9311413013914013512711911411311725 8 6Z1 1 0131164114099999999999999 857 32213611399999999999999
125132136134123105 81 57 36 24 22 31 50 7610212514014514213312011010610825 8 7Z1 21013717 614699999999999999 940 21221010699999999999999
117129140144140125101 73 45 24 13 16 31 56 86115137148148139124110100 9825 8 8Z1 3 31441731149999999999999991019 132241 9799999999999999
105119135148152143124 95 63 34 14  8 16 38 69101129147152146130111 96 8825 8 9Z1 3501521755152999999999999991055  82312 8899999999999999
 92105124143155156143119 86 53 25  9 10 25 52 86118142153151137116 96 8125 810Z1 4341571820154999999999999991130  72345 7899999999999999
 78 87106128148159156139111 77 45 22 13 20 42 72105134151154144124100 7925 811Z1 51915918441559999999999999912 3 13999999999999999999999
 69 71 85107131150157151132103 71 44 28 26 39 64 95124146155149132107 8325 812Z1 6 415819 715599999999999999 020 681236 2599999999999999
 65 59 66 83107130147152143123 97 70 50 41 46 63 89116140153152139117 9125 813Z1 651152192915499999999999999 058 5913 8 4199999999999999
 68 54 52 62 81105126139142133116 94 75 63 61 71 8911213414815314512710325 814Z1 743142195115399999999999999 139 511338 6199999999999999
 78 58 48 49 60 78 99117128130124111 97 86 81 84 9511212914415114813511625 815Z1 843131201315199999999999999 225 4714 6 8199999999999999
 92 70 54 45 47 56 72 9010511511911711110510010110611512713914614714012725 816Z110 7119203814799999999999999 322 45143010099999999999999
109 88 69 54 46 45 51 63 78 9210311111511611611611812212813414014214113425 817Z121 8143999999999999999999999 435 44999999999999999999999
123108 90 72 57 46 42 44 53 65 80 9510811812512812913013013113313513613525 818Z12216136999999999999999999999 6 8 42999999999999999999999
132124112 96 78 59 45 36 35 42 55 73 9311112513513813713412912612512713025 819Z11615138999999999999999999999 738 34205512599999999999999
134135131120103 82 59 40 28 26 33 50 72 9711913514314413813012111511511925 820Z1 047135163414599999999999999 845 25213911499999999999999
127136141139128108 83 56 34 21 19 30 52 7910712914414814313211810710210525 821Z1 217142165614899999999999999 936 18221010299999999999999
115129142150147133109 79 49 27 16 19 35 61 92120141150148136119103 92 9125 822Z1 3161501717150999999999999991017 152239 9099999999999999
 99115134149156150132104 71 42 22 16 26 48 78109135149151141122102 86 7925 823Z1 4 41561738152999999999999991053 1623 7 7999999999999999
 83 98119140155158148126 95 63 37 23 25 41 68 99127146152145128105 84 7125 824Z1 4461591757152999999999999991124 222336 6999999999999999
 70 81100124145157155141115 85 56 37 31 40 62 91120142152149133110 86 6825 825Z1 5251581815153999999999999991152 31999999999999999999999
 61 66 82105129147154148130104 77 54 43 46 62 87114138151152139118 92 7025 826Z1 6 3154183215399999999999999 0 5 611218 4399999999999999
 57 56 67 86110131145147137118 95 73 59 56 66 85110133148153144125101 7625 827Z1 641147184915399999999999999 035 551242 5699999999999999
 58 51 56 70 91113130138137126108 90 75 69 74 87107128144151147132110 8625 828Z1 72013919 715199999999999999 1 6 5113 5 6999999999999999
 65 53 51 59 75 94112125130126116103 90 83 84 92107124139148147136118 9625 829Z1 8 3130192514999999999999999 140 501327 8299999999999999
 76 60 53 54 64 78 94108117120117110102 97 95 9910912113414214413812510725 830Z1 857120194414499999999999999 219 521345 9599999999999999
 88 71 60 56 58 66 78 9010110811211211010710610811312112913613913612811525 831Z1102911220 313999999999999999 3 9 56135210699999999999999
100 85 72 63 59 60 65 73 83 9210010711111411611812012312613013213212812125 9 1Z12024132999999999999999999999 422 59999999999999999999999
112100 88 76 66 60 57 59 64 73 84 9610711612312612712712612512512512512325 9 2Z116 1127999999999999999999999 6 6 57999999999999999999999
120114105 93 79 66 56 49 49 54 66 81 9711312513313513212712211811711812125 9 3Z11555135999999999999999999999 735 48205911799999999999999
124125121112 97 80 62 47 38 38 46 62 8310512413714213913112111210710811425 9 4Z1 04212516 914299999999999999 833 37212410799999999999999
122130134131119 99 76 53 35 27 29 43 65 92117136147146137123108 98 9510125 9 5Z1 2 4134162814899999999999999 917 262149 9599999999999999
113128140145139123 98 69 43 25 19 27 48 76106132148152144127108 91 82 8525 9 6Z1 259145164815399999999999999 955 192217 8299999999999999
 97117137152155145123 93 61 34 19 19 34 61 93124147156151134111 87 71 6725 9 7Z1 34615517 9156999999999999991030 172247 6799999999999999
 77 97123146161161146120 86 54 30 21 28 50 81114141157157143118 89 66 5325 9 8Z1 43216317311599999999999999911 4 212319 5399999999999999
 56 73100129153165162143114 81 52 34 32 46 72104134155160151127 97 67 4625 9 9Z1 5171661752161999999999999991137 312354 4099999999999999
 40 50 72103133155164157136108 79 56 47 52 71 98127150161156138108 76 4825 910Z1 6 316418131619999999999999912 9 47999999999999999999999
 33 33 48 74105133151156148128104 81 67 66 76 97121144158159146121 90 6025 911Z1 651156183516199999999999999 030 311238 6599999999999999
 37 27 32 49 75103127142145137121103 89 83 88101119139154158151133106 7725 912Z1 744145185515999999999999999 110 2713 5 8399999999999999
 51 33 28 35 52 75 99118129131126117107101101108121135148154152140120 9625 913Z1 846132191615499999999999999 155 28132710099999999999999
 71 51 38 34 40 54 72 9010511512011911711411411712413314114714714213011325 914Z11026120193614899999999999999 251 34133511499999999999999
 93 74 58 46 42 44 53 65 79 9310411211812112312612813213513813813713212325 915Z11952138999999999999999999999 4 8 42999999999999999999999
112 98 83 68 56 48 45 49 57 69 83 9811112112913213313213012812712612612525 916Z11549133999999999999999999999 556 45999999999999999999999
123117108 94 78 63 50 43 43 50 63 80 9911612913713813412712011511211411925 917Z11541138999999999999999999999 732 4221 311299999999999999
125128127119104 85 64 48 38 37 46 63 85108126138142138127115104 98 9910625 918Z1 118129155514299999999999999 834 362125 9899999999999999
118130137137128109 85 61 43 33 36 49 71 97121138146142131114 98 86 83 9025 919Z1 230139161214699999999999999 918 332149 8399999999999999
104122138147145131109 81 56 38 33 41 60 86114136147147136117 95 78 70 7325 920Z1 321148162914999999999999999 954 332215 6999999999999999
 86107130147154148130103 74 50 38 39 53 78106131148151142122 98 75 60 5825 921Z1 4 31541646152999999999999991025 362241 5799999999999999
 68 89115138154156145123 95 67 49 43 52 72 99126146154148129103 76 56 4725 922Z1 44115717 3154999999999999991053 4323 7 4799999999999999
 52 70 96124146157154138114 86 64 53 55 70 94121143155152136111 82 57 4225 923Z1 5181571720155999999999999991120 522334 3999999999999999
 41 54 77105132149155147128104 81 66 62 72 92116139153155143119 90 62 4225 924Z1 5541551737156999999999999991145 62999999999999999999999
 35 41 60 86114136148148137118 97 80 73 77 91112134150155147128101 72 4825 925Z1 630150175515599999999999999 0 1 3412 9 7399999999999999
 35 35 47 69 95119136143139127110 94 85 84 93110129145153149134111 84 5825 926Z1 7 7143181315399999999999999 030 331233 8399999999999999
 41 35 40 56 78101120132134129118106 96 93 98109124138148148138119 96 7225 927Z1 748134183214999999999999999 1 1 351255 9399999999999999
 52 41 40 49 64 83102116124124120113106102104111121132141143138125106 8625 928Z1 838125185114499999999999999 136 39131410299999999999999
 67 53 46 48 56 69 84 98109115117115113111111114120127134137135127114 9825 929Z110 011719 813799999999999999 219 46132511199999999999999
 82 68 58 53 54 59 69 80 9110010811311611811912012212412712912812511810925 930Z11921129999999999999999999999 323 53999999999999999999999
 97 85 74 65 58 56 57 63 72 83 951061151221261271261241221201191181171152510 1Z11456127999999999999999999999 5 5 56999999999999999999999
110103 93 82 70 59 53 51 55 65 78 941101231311341321261181121081081111152510 2Z115 1134999999999999999999999 648 51203510899999999999999
118118113103 88 72 56 46 43 48 61 79100120134141139130118105 96 94 981072510 3Z1 032118151614199999999999999 754 432054 9499999999999999
118127130125112 92 70 51 38 36 45 63 88113133145146137120101 86 78 79 912510 4Z1 155130153514799999999999999 842 362119 7799999999999999
108126139143136118 93 67 45 34 36 50 74103129147153145126102 79 63 59 682510 5Z1 252143155515399999999999999 923 332148 5999999999999999
 88113137152155143121 92 63 43 36 43 63 92122145157153135108 78 53 41 442510 6Z1 34115516161579999999999999910 0 362219 4099999999999999
 61 90121147162162146120 90 63 47 45 59 83113140158160146119 85 52 30 232510 7Z1 4281641638161999999999999991036 442253 2399999999999999
 34 60 94128154166163145118 89 67 57 62 80107134155163155132 98 61 30 132510 8Z1 51616717 0163999999999999991110 572329 1199999999999999
 14 31 62 98132155164158139115 91 76 73 83103128150163161144114 78 42 162510 9Z1 6 41641724164999999999999991143 73999999999999999999999
  5 12 34 66101131150156149132113 96 88 92105124144159163153130 98 62 31251010Z1 654156174716399999999999999 0 7  51213 8899999999999999
 12  7 17 40 70100125140144138126113104102109122138152159155140116 85 55251011Z1 750144181115999999999999999 049  6124110299999999999999
 31 17 15 26 47 72 96116128131128122115112115122133143151151144128106 81251012Z1 859131183615299999999999999 136 1413 511299999999999999
 57 38 28 28 36 52 71 90105116121122121120120123128134139142139131118101251013Z1105112219 014299999999999999 232 27132312099999999999999
 83 65 51 42 40 44 54 68 83 97108116122124125125126126127128128125121114251014Z11915128999999999999999999999 349 40999999999999999999999
104 91 78 65 55 49 49 54 65 78 93106118125129128125121117113112113114116251015Z11423129231811699999999999999 531 48201111299999999999999
115111103 90 76 63 54 50 54 63 78 95111124132133128119109101 96 96101108251016Z11440133999999999999999999999 7 1 502031 9599999999999999
116121121113100 83 67 55 50 55 67 84104121133137133122107 92 82 79 83 94251017Z1 125122145713799999999999999 8 1 502056 7999999999999999
109122131131121105 85 66 54 52 59 75 96117134141139127109 89 73 64 65 76251018Z1 230132151614299999999999999 845 522122 6399999999999999
 94115131140138125105 83 65 55 57 69 89112132144145134114 90 68 53 50 58251019Z1 318140153414699999999999999 921 552148 4999999999999999
 77101124141147141124102 80 64 59 67 84107129145149141122 96 69 48 38 41251020Z1 359147155215099999999999999 953 592213 3799999999999999
 58 83111135149151140120 97 77 67 68 81102125143152148130104 74 47 31 29251021Z1 4371521611152999999999999991023 662240 2899999999999999
 41 64 94122144153150135114 92 77 73 81 98120140152152138114 83 53 30 21251022Z1 5131531630154999999999999991051 7323 6 2199999999999999
 27 46 75105132148152144127107 90 81 83 95115135150154145123 94 62 36 20251023Z1 5491531650154999999999999991119 802334 1899999999999999
 19 32 57 86115137148147136119102 90 88 95110129145153149132106 75 46 26251024Z1 6241491711153999999999999991145 87999999999999999999999
 18 24 42 68 97121138143139127112100 94 97107123138148149138116 89 60 37251025Z1 7 1143173315099999999999999 0 4 181211 9499999999999999
 23 22 33 53 78103122134135129119108101100106118131142146140124101 76 52251026Z1 742136175514699999999999999 035 21123710099999999999999
 34 27 31 44 63 85105119127127122115108106108115125134139138128111 90 68251027Z1 832128181814099999999999999 111 2713 410699999999999999
 50 38 34 40 52 69 87103114120121119115112111114119126131132127117102 84251028Z1 944121184313299999999999999 153 34134011199999999999999
 67 53 45 42 47 57 70 85 99109116120120119117116116118121122121117109 98251029Z11138120191312299999999999999 249 4215 911699999999999999
 85 72 60 52 49 51 57 68 82 95108117123125124120116113110110111111110107251030Z113 412521 611199999999999999 410 49185011099999999999999
101 92 81 69 59 53 51 56 66 80 96111123130131127119109101 96 95 98104109251031Z11341131999999999999999999999 544 511941 9599999999999999
112110104 92 78 64 54 50 54 66 83102120132138134124109 94 82 77 79 881012511 1Z1 01111214 813899999999999999 7 0 502012 7799999999999999
113122123117103 85 68 55 51 56 71 91113131142142132114 92 72 59 57 65 822511 2Z1 141124143214499999999999999 757 512044 5699999999999999
103122135138129112 91 71 58 55 63 81105127144149142123 96 68 46 35 38 552511 3Z1 244138145614999999999999999 845 542117 3599999999999999
 80109133148150139119 95 75 63 63 76 97121142154152135107 74 43 21 15 252511 4Z1 338151152115599999999999999 929 622153 1599999999999999
 50 82116143157157144122 99 80 72 77 92115138155159148123 88 50 19  1  12511 5Z1 42915915481599999999999999910 9 722230 -199999999999999
 19 50 87123149161159144123102 87 84 92110132152162158139107 68 30  2-102511 6Z1 5191621615163999999999999991047 842310-1099999999999999
 -4 19 53 92126150159155141122105 95 97108126146160163152127 91 53 18 -52511 7Z1 6111591644163999999999999991123 952352-1299999999999999
-12 -1 24 59 95125145152147135120108104108121137153161158142114 79 44 142511 8Z1 7 41521715161999999999999991158104999999999999999999999
 -3 -5  8 33 64 96121137142138129118111111117129142152155148130103 72 422511 9Z1 8 1142174815599999999999999 037 -6123411099999999999999
 19  7  8 20 43 69 95115128132130124117114115121130139145144135118 96 71251110Z1 9 5132182414599999999999999 126  5131411499999999999999
 47 30 21 23 34 51 73 93110120125124121117115116119124129132130123110 94251111Z1102112519 713299999999999999 221 20141311599999999999999
 75 57 44 37 37 45 59 76 93107117122123120117113111111113115117116113106251112Z11141123202311799999999999999 324 36163011199999999999999
 96 83 69 58 51 50 55 66 80 95108118123124120114108102 98 97 99102106108251113Z11238124231110899999999999999 440 501851 9799999999999999
107101 92 81 70 62 59 63 72 85100113123127126119109 98 88 82 80 84 92101251114Z11316127999999999999999999999 558 591944 8099999999999999
108112110102 91 79 70 66 69 79 92108121130131126114 99 83 70 64 65 74 87251115Z1 110112134513299999999999999 7 4 662020 6499999999999999
101113120119111 98 85 75 72 76 87102118130136133122104 83 65 52 49 55 69251116Z1 222120141113699999999999999 757 722051 4999999999999999
 88108122129127117102 88 79 77 84 97114129139140130112 89 64 46 36 38 51251117Z1 314129143514199999999999999 841 772120 3599999999999999
 72 96118133137132119103 89 82 83 93109126139144138122 97 70 45 28 24 33251118Z1 358137145914499999999999999 921 812149 2499999999999999
 53 79107129141143134119102 90 85 91104121136146145131108 79 50 27 16 19251119Z1 437144152414799999999999999 957 852217 1599999999999999
 35 61 91118138147144132115100 91 91100115132145148140119 91 60 32 14 10251120Z1 5131471549148999999999999991030 892247 1099999999999999
 20 43 72103128143147140126110 98 93 97110126141149145130104 73 42 19  8251121Z1 54914716151499999999999999911 2 932317  799999999999999
 11 27 53 84113134144143134119106 97 97105119134146148138117 88 57 30 12251122Z1 6251451641148999999999999991132 962350  799999999999999
  7 17 37 65 94119135141137126113102 98102113127139146142127103 73 45 23251123Z1 7 314117 91469999999999999912 2 98999999999999999999999
 11 12 26 49 76102122133135129119108101101107119131140141132114 89 62 38251124Z1 743136173814299999999999999 024 10123410099999999999999
 21 15 21 37 59 84106122130130123114106102104111121131135133121102 79 56251125Z1 828131181013599999999999999 1 0 15131110299999999999999
 36 24 22 31 47 68 89108121127126120113106104106112119125127123111 94 74251126Z1 920127184912799999999999999 141 2214 210499999999999999
 55 40 31 32 40 55 74 93110121125124119112106103104107112116117113104 91251127Z11018126194511799999999999999 228 30152310399999999999999
 75 60 47 41 41 49 62 79 97112122126125119111104 98 95 96100104107107102251128Z11115127212610899999999999999 326 401712 9599999999999999
 94 82 69 58 52 51 57 69 85101116126129127119107 96 86 80 80 85 92100105251129Z112 5129234210799999999999999 436 511832 8099999999999999
106102 94 82 71 63 61 65 76 91108122131133127115 98 81 68 61 61 69 83 97251130Z11245134999999999999999999999 552 611924 6099999999999999
109115115108 96 84 74 70 74 84100116130138136125107 84 62 45 38 42 56 762512 1Z1 126116132113899999999999999 7 2 7020 8 3899999999999999
 98116127129122109 95 84 79 83 94110127139144137120 94 65 39 22 17 26 472512 2Z1 241129135614499999999999999 8 5 792050 1799999999999999
 74102125139141134119104 92 88 92105121138148148135111 79 45 17  1  0 152512 3Z1 343142143015099999999999999 9 0 882133 -199999999999999
 42 75108133148149141126110 99 96102116133148155149131100 63 27  0-13-102512 4Z1 43915015 615599999999999999 949 962217-1499999999999999
 10 42 79113139152152143127112103102111125142155158147123 89 50 14-11-202512 5Z1 532154154415899999999999999103410123 2-2099999999999999
-12 12 46 83117141152150140125112105107118133149158157142115 79 40  7-142512 6Z1 62215216241599999999999999911171052347-2099999999999999
-19 -7 18 53 89119139147144133120110106110122137150156151134106 71 35  62512 7Z1 71214717 6157999999999999991158106999999999999999999999
-10-11  3 29 62 94120135140136126114106105111123136147150142124 97 65 352512 8Z1 759140174915099999999999999 033-12123910499999999999999
 12  1  3 18 43 72 99120131133128118108102103109119130138139131114 90 642512 9Z1 844134183613999999999999999 119  0132610299999999999999
 39 22 15 20 36 58 82104120127127120111103 98 98104112120126125118104 86251210Z1 926128192812699999999999999 2 4 151423 9899999999999999
 65 47 36 33 39 53 72 92110121125123115106 98 93 92 95101107111112108 98251211Z110 6125203711299999999999999 249 321541 9299999999999999
 85 71 58 51 50 57 69 85101115122124120112102 92 86 83 83 87 93 98101101251212Z11046124222410299999999999999 335 491718 8299999999999999
 97 89 79 71 66 66 72 83 96109119124124119109 97 85 76 70 70 73 80 88 95251213Z11127125999999999999999999999 429 651839 6999999999999999
100100 96 90 84 79 79 84 93104115123127125117105 90 75 63 56 56 61 71 84251214Z1 035100121012799999999999999 533 791935 5599999999999999
 95104108107101 95 90 89 92100110120127129125114 98 80 62 49 42 44 53 68251215Z1 214108125213099999999999999 646 882018 4299999999999999
 85101113118117111103 97 94 97105115125131131124109 89 67 47 34 30 35 50251216Z1 318118133213299999999999999 755 942054 3099999999999999
 70 92110123128125117107100 97101109120130135132120101 76 51 31 20 21 32251217Z1 4 5128141013599999999999999 854 972129 1999999999999999
 52 77102121133135129118107100 99104114126135138130113 89 61 35 17 10 16251218Z1 444135144613899999999999999 941 9822 3 1099999999999999
 33 59 87112131139137128116105 99100108120133140138126104 75 46 21  7  5251219Z1 5191391521141999999999999991020 982236  499999999999999
 17 40 69 98122137141136124111100 97102113127139143136118 91 61 31 10  0251220Z1 5541411555143999999999999991054 972310  099999999999999
  5 23 50 80108129139139130117104 97 97106119133142142130108 78 47 20  3251221Z1 6271411629144999999999999991126 962344 -199999999999999
 -1 10 32 62 92117133139134123109 98 94 98110125137143138121 95 65 35 12251222Z1 7 013917 3143999999999999991159 94999999999999999999999
  1  4 19 45 74102124135136128115102 93 93100113128138139130110 83 54 27251223Z1 734137174014099999999999999 018  01234 9299999999999999
 10  5 13 32 59 87111128134131121107 96 90 92101114127134132120 99 73 47251224Z1 8 8135181913499999999999999 053  51313 9099999999999999
 25 13 14 26 47 73 98119131132126114100 90 87 90100112122126123110 91 67251225Z1 84213319 512699999999999999 129 121359 8799999999999999
 45 29 23 27 41 62 86108124131129120107 94 85 82 86 94104113117113103 86251226Z1 91713220 311799999999999999 2 7 231456 8299999999999999
 68 51 40 37 44 58 77 98116128131126115101 87 78 74 76 84 93102107106 99251227Z1 953131212210799999999999999 248 3716 6 7499999999999999
 88 74 63 55 55 61 74 91108122130130122110 94 79 68 62 63 69 80 90 99103251228Z11031131231410399999999999999 335 541722 6299999999999999
101 95 87 78 73 73 78 88102116126131129120105 87 69 54 46 46 53 65 80 93251229Z11113131999999999999999999999 435 721833 4599999999999999
103108107102 96 90 89 92 99110121130133129118101 79 57 39 29 28 36 52 72251230Z1 12010812 113399999999999999 553 891935 2799999999999999
 92108118121118113106102103108116125133135130117 95 69 43 22 11 10 22 42251231Z1 3 1121125213599999999999999 7251022031  999999999999999
